#Class	OvrStry	Rarc	Rmin	JAN-LAI	FEB-LAI	MAR-LAI	APR-LAI	MAY-LAI	JUN-LAI	JUL-LAI	AUG-LAI	SEP-LAI	OCT-LAI	NOV-LAI	DEC-LAI	JAN-ALB	FEB_ALB	MAR-ALB	APR-ALB	MAY-ALB	JUN-ALB	JUL-ALB	AUG-ALB	SEP-ALB	OCT-ALB	NOV-ALB	DEC-ALB	JAN-ROU	FEB-ROU	MAR-ROU	APR-ROU	MAY-ROU	JUN-ROU	JUL-ROU	AUG-ROU	SEP-ROU	OCT-ROU	NOV-ROU	DEC-ROU	JAN-DIS	FEB-DIS	MAR-DIS	APR-DIS	MAY-DIS	JUN-DIS	JUL-DIS	AUG-DIS	SEP-DIS	OCT-DIS	NOV-DIS	DEC-DIS	WIND_H	RGL	SolAtn	WndAtn	Trunk	COMMENT
1	1	60	150	3.4	3.4	3.5	3.7	4	4.4	4.4	4.3	4.2	3.7	3.5	3.4	0.12	0.12	0.12	0.12	0.12	0.12	0.12	0.12	0.12	0.12	0.12	0.12	1.476	1.476	1.476	1.476	1.476	1.476	1.476	1.476	1.476	1.476	1.476	1.476	8.04	8.04	8.04	8.04	8.04	8.04	8.04	8.04	8.04	8.04	8.04	8.04	50	30	0.5	0.5	0.2	Evergreen_Needleleaf
2	1	60	150	3.4	3.4	3.5	3.7	4	4.4	4.4	4.3	4.2	3.7	3.5	3.4	0.12	0.12	0.12	0.12	0.12	0.12	0.12	0.12	0.12	0.12	0.12	0.12	1.476	1.476	1.476	1.476	1.476	1.476	1.476	1.476	1.476	1.476	1.476	1.476	8.04	8.04	8.04	8.04	8.04	8.04	8.04	8.04	8.04	8.04	8.04	8.04	50	30	0.5	0.5	0.2	Evergreen_Broadleaf
3	1	60	150	1.68	1.52	1.68	2.9	4.9	5	5	4.6	3.44	3.04	2.16	2	0.18	0.18	0.18	0.18	0.18	0.18	0.18	0.18	0.18	0.18	0.18	0.18	1.23	1.23	1.23	1.23	1.23	1.23	1.23	1.23	1.23	1.23	1.23	1.23	6.7	6.7	6.7	6.7	6.7	6.7	6.7	6.7	6.7	6.7	6.7	6.7	50	30	0.5	0.5	0.2	Deciduous_Needleleaf
4	1	60	150	1.68	1.52	1.68	2.9	4.9	5	5	4.6	3.44	3.04	2.16	2	0.18	0.18	0.18	0.18	0.18	0.18	0.18	0.18	0.18	0.18	0.18	0.18	1.23	1.23	1.23	1.23	1.23	1.23	1.23	1.23	1.23	1.23	1.23	1.23	6.7	6.7	6.7	6.7	6.7	6.7	6.7	6.7	6.7	6.7	6.7	6.7	50	30	0.5	0.5	0.2	Deciduous_Broadleaf
5	1	60	140	1.68	1.52	1.68	2.9	4.9	5	5	4.6	3.44	3.04	2.16	2	0.18	0.18	0.18	0.18	0.18	0.18	0.18	0.18	0.18	0.18	0.18	0.18	1.23	1.23	1.23	1.23	1.23	1.23	1.23	1.23	1.23	1.23	1.23	1.23	6.7	6.7	6.7	6.7	6.7	6.7	6.7	6.7	6.7	6.7	6.7	6.7	50	50	0.5	0.5	0.2	Mixed_Cover
6	1	60	125	1.68	1.52	1.68	2.9	4.9	5	5	4.6	3.44	3.04	2.16	2	0.18	0.18	0.18	0.18	0.18	0.18	0.18	0.18	0.18	0.18	0.18	0.18	1.23	1.23	1.23	1.23	1.23	1.23	1.23	1.23	1.23	1.23	1.23	1.23	6.7	6.7	6.7	6.7	6.7	6.7	6.7	6.7	6.7	6.7	6.7	6.7	50	50	0.5	0.5	0.2	Woodland _Woody_Savanas_from_MODIS
7	0	40	125	2	2.25	2.95	3.85	3.75	3.5	3.55	3.2	3.3	2.85	2.6	2.2	0.19	0.19	0.19	0.19	0.19	0.19	0.19	0.19	0.19	0.19	0.19	0.19	0.495	0.495	0.495	0.495	0.495	0.495	0.495	0.495	0.495	0.495	0.495	0.495	1	1	1	1	1	1	1	1	1	1	1	1	5	75	0.5	0.5	0.2	Wooded_Grassland_Savanas_from_MODIS
8	0	50	135	2	2.25	2.95	3.85	3.75	3.5	3.55	3.2	3.3	2.85	2.6	2.2	0.19	0.19	0.19	0.19	0.19	0.19	0.19	0.19	0.19	0.19	0.19	0.19	0.495	0.495	0.495	0.495	0.495	0.495	0.495	0.495	0.495	0.495	0.495	0.495	1	1	1	1	1	1	1	1	1	1	1	1	5	75	0.5	0.5	0.2	Closed Shrublands
9	0	50	135	2	2.25	2.95	3.85	3.75	3.5	3.55	3.2	3.3	2.85	2.6	2.2	0.19	0.19	0.19	0.19	0.19	0.19	0.19	0.19	0.19	0.19	0.19	0.19	0.495	0.495	0.495	0.495	0.495	0.495	0.495	0.495	0.495	0.495	0.495	0.495	1	1	1	1	1	1	1	1	1	1	1	1	5	75	0.5	0.5	0.2	Open Shrublands
10	0	25	50	2	2.25	2.95	3.85	3.75	3.5	3.55	3.2	3.3	2.85	2.6	2.2	0.2	0.2	0.2	0.2	0.2	0.2	0.2	0.2	0.2	0.2	0.2	0.2	0.0738	0.0738	0.0738	0.0738	0.0738	0.0738	0.0738	0.0738	0.0738	0.0738	0.0738	0.0738	0.402	0.402	0.402	0.402	0.402	0.402	0.402	0.402	0.402	0.402	0.402	0.402	3	100	0.5	0.5	0.2	Grasslands
12	0	25	60	0.5	0.5	0.5	0.5	1.5	3	4.5	5	2.5	0.5	0.5	0.5	0.1	0.1	0.1	0.1	0.2	0.2	0.2	0.2	0.2	0.1	0.1	0.1	0.006	0.006	0.006	0.006	0.012	0.062	0.123	0.185	0.215	0.215	0.006	0.006	0.034	0.034	0.034	0.034	0.067	0.335	0.67	1.005	1.173	1.173	0.034	0.034	2	100	0.5	0.5	0.2	Urban area
13	0	25	50	2	2.25	2.95	3.85	3.75	3.5	3.55	3.2	3.3	2.85	2.6	2.2	0.2	0.2	0.2	0.2	0.2	0.2	0.2	0.2	0.2	0.2	0.2	0.2	0.0738	0.0738	0.0738	0.0738	0.0738	0.0738	0.0738	0.0738	0.0738	0.0738	0.0738	0.0738	0.402	0.402	0.402	0.402	0.402	0.402	0.402	0.402	0.402	0.402	0.402	0.402	3	100	0.5	0.5	0.2	Wetland
102	0	25	60	0.5	0.5	0.5	0.5	1.5	3	4.5	5	2.5	0.5	0.5	0.5	0.1	0.1	0.1	0.1	0.2	0.2	0.2	0.2	0.2	0.1	0.1	0.1	0.006	0.006	0.006	0.006	0.012	0.062	0.123	0.185	0.215	0.215	0.006	0.006	0.034	0.034	0.034	0.034	0.067	0.335	0.67	1.005	1.173	1.173	0.034	0.034	2	100	0.5	0.5	0.2	Blueberry
103	0	25	60	0.5	0.5	0.5	0.5	1.5	3	4.5	5	2.5	0.5	0.5	0.5	0.1	0.1	0.1	0.1	0.2	0.2	0.2	0.2	0.2	0.1	0.1	0.1	0.006	0.006	0.006	0.006	0.012	0.062	0.123	0.185	0.215	0.215	0.006	0.006	0.034	0.034	0.034	0.034	0.067	0.335	0.67	1.005	1.173	1.173	0.034	0.034	2	100	0.5	0.5	0.2	Cranberry
104	0	25	60	0.5	0.5	0.5	0.5	1.5	3	4.5	5	2.5	0.5	0.5	0.5	0.1	0.1	0.1	0.1	0.2	0.2	0.2	0.2	0.2	0.1	0.1	0.1	0.006	0.006	0.006	0.006	0.012	0.062	0.123	0.185	0.215	0.215	0.006	0.006	0.034	0.034	0.034	0.034	0.067	0.335	0.67	1.005	1.173	1.173	0.034	0.034	2	100	0.5	0.5	0.2	Currant
106	0	25	60	0.5	0.5	0.5	0.5	1.5	3	4.5	5	2.5	0.5	0.5	0.5	0.1	0.1	0.1	0.1	0.2	0.2	0.2	0.2	0.2	0.1	0.1	0.1	0.006	0.006	0.006	0.006	0.012	0.062	0.123	0.185	0.215	0.215	0.006	0.006	0.034	0.034	0.034	0.034	0.067	0.335	0.67	1.005	1.173	1.173	0.034	0.034	2	100	0.5	0.5	0.2	Strawberries
107	0	25	60	0.5	0.5	0.5	0.5	1.5	3	4.5	5	2.5	0.5	0.5	0.5	0.1	0.1	0.1	0.1	0.2	0.2	0.2	0.2	0.2	0.1	0.1	0.1	0.006	0.006	0.006	0.006	0.012	0.062	0.123	0.185	0.215	0.215	0.006	0.006	0.034	0.034	0.034	0.034	0.067	0.335	0.67	1.005	1.173	1.173	0.034	0.034	2	100	0.5	0.5	0.2	Caneberry
108	0	25	60	0.5	0.5	0.5	0.5	1.5	3	4.5	5	2.5	0.5	0.5	0.5	0.1	0.1	0.1	0.1	0.2	0.2	0.2	0.2	0.2	0.1	0.1	0.1	0.006	0.006	0.006	0.006	0.012	0.062	0.123	0.185	0.215	0.215	0.006	0.006	0.034	0.034	0.034	0.034	0.067	0.335	0.67	1.005	1.173	1.173	0.034	0.034	2	100	0.5	0.5	0.2	Kiwi
198	0	25	60	0.5	0.5	0.5	0.5	1.5	3	4.5	5	2.5	0.5	0.5	0.5	0.1	0.1	0.1	0.1	0.2	0.2	0.2	0.2	0.2	0.1	0.1	0.1	0.006	0.006	0.006	0.006	0.012	0.062	0.123	0.185	0.215	0.215	0.006	0.006	0.034	0.034	0.034	0.034	0.067	0.335	0.67	1.005	1.173	1.173	0.034	0.034	2	100	0.5	0.5	0.2	"Berry, Unknown"
201	0	25	60	0.5	0.5	0.5	0.5	1.5	3	4.5	5	2.5	0.5	0.5	0.5	0.1	0.1	0.1	0.1	0.2	0.2	0.2	0.2	0.2	0.1	0.1	0.1	0.006	0.006	0.006	0.006	0.012	0.062	0.123	0.185	0.215	0.215	0.006	0.006	0.034	0.034	0.034	0.034	0.067	0.335	0.67	1.005	1.173	1.173	0.034	0.034	2	100	0.5	0.5	0.2	Barley
202	0	25	60	0.5	0.5	0.5	0.5	1.5	3	4.5	5	2.5	0.5	0.5	0.5	0.1	0.1	0.1	0.1	0.2	0.2	0.2	0.2	0.2	0.1	0.1	0.1	0.006	0.006	0.006	0.006	0.012	0.062	0.123	0.185	0.215	0.215	0.006	0.006	0.034	0.034	0.034	0.034	0.067	0.335	0.67	1.005	1.173	1.173	0.034	0.034	2	100	0.5	0.5	0.2	Buckwheat
204	0	25	60	0.5	0.5	0.5	0.5	1.5	3	4.5	5	2.5	0.5	0.5	0.5	0.1	0.1	0.1	0.1	0.2	0.2	0.2	0.2	0.2	0.1	0.1	0.1	0.006	0.006	0.006	0.006	0.012	0.062	0.123	0.185	0.215	0.215	0.006	0.006	0.034	0.034	0.034	0.034	0.067	0.335	0.67	1.005	1.173	1.173	0.034	0.034	2	100	0.5	0.5	0.2	Corn_Field
205	0	25	60	0.5	0.5	0.5	0.5	1.5	3	4.5	5	2.5	0.5	0.5	0.5	0.1	0.1	0.1	0.1	0.2	0.2	0.2	0.2	0.2	0.1	0.1	0.1	0.006	0.006	0.006	0.006	0.012	0.062	0.123	0.185	0.215	0.215	0.006	0.006	0.034	0.034	0.034	0.034	0.067	0.335	0.67	1.005	1.173	1.173	0.034	0.034	2	100	0.5	0.5	0.2	Corn_Unknown
206	0	25	60	0.5	0.5	0.5	0.5	1.5	3	4.5	5	2.5	0.5	0.5	0.5	0.1	0.1	0.1	0.1	0.2	0.2	0.2	0.2	0.2	0.1	0.1	0.1	0.006	0.006	0.006	0.006	0.012	0.062	0.123	0.185	0.215	0.215	0.006	0.006	0.034	0.034	0.034	0.034	0.067	0.335	0.67	1.005	1.173	1.173	0.034	0.034	2	100	0.5	0.5	0.2	Oats
207	0	25	60	0.5	0.5	0.5	0.5	1.5	3	4.5	5	2.5	0.5	0.5	0.5	0.1	0.1	0.1	0.1	0.2	0.2	0.2	0.2	0.2	0.1	0.1	0.1	0.006	0.006	0.006	0.006	0.012	0.062	0.123	0.185	0.215	0.215	0.006	0.006	0.034	0.034	0.034	0.034	0.067	0.335	0.67	1.005	1.173	1.173	0.034	0.034	2	100	0.5	0.5	0.2	Rye
209	0	25	60	0.5	0.5	0.5	0.5	1.5	3	4.5	5	2.5	0.5	0.5	0.5	0.1	0.1	0.1	0.1	0.2	0.2	0.2	0.2	0.2	0.1	0.1	0.1	0.006	0.006	0.006	0.006	0.012	0.062	0.123	0.185	0.215	0.215	0.006	0.006	0.034	0.034	0.034	0.034	0.067	0.335	0.67	1.005	1.173	1.173	0.034	0.034	2	100	0.5	0.5	0.2	Triticale
210	0	25	60	0	0	0	0	0	0	0	0	0	0	0	0	0.1	0.1	0.1	0.1	0.2	0.2	0.2	0.2	0.2	0.1	0.1	0.1	0.006	0.006	0.006	0.006	0.012	0.062	0.123	0.185	0.215	0.215	0.006	0.006	0.034	0.034	0.034	0.034	0.067	0.335	0.67	1.005	1.173	1.173	0.034	0.034	2	100	0.5	0.5	0.2	SpgWheat
211	0	25	60	0.5	0.5	0.5	0.5	1.5	3	4.5	5	2.5	0.5	0.5	0.5	0.1	0.1	0.1	0.1	0.2	0.2	0.2	0.2	0.2	0.1	0.1	0.1	0.006	0.006	0.006	0.006	0.012	0.062	0.123	0.185	0.215	0.215	0.006	0.006	0.034	0.034	0.034	0.034	0.067	0.335	0.67	1.005	1.173	1.173	0.034	0.034	2	100	0.5	0.5	0.2	Wheat Fallow
218	0	25	60	0.5	0.5	0.5	0.5	1.5	3	4.5	5	2.5	0.5	0.5	0.5	0.1	0.1	0.1	0.1	0.2	0.2	0.2	0.2	0.2	0.1	0.1	0.1	0.006	0.006	0.006	0.006	0.012	0.062	0.123	0.185	0.215	0.215	0.006	0.006	0.034	0.034	0.034	0.034	0.067	0.335	0.67	1.005	1.173	1.173	0.034	0.034	2	100	0.5	0.5	0.2	WinWheat
298	0	25	60	0.5	0.5	0.5	0.5	1.5	3	4.5	5	2.5	0.5	0.5	0.5	0.1	0.1	0.1	0.1	0.2	0.2	0.2	0.2	0.2	0.1	0.1	0.1	0.006	0.006	0.006	0.006	0.012	0.062	0.123	0.185	0.215	0.215	0.006	0.006	0.034	0.034	0.034	0.034	0.067	0.335	0.67	1.005	1.173	1.173	0.034	0.034	2	100	0.5	0.5	0.2	Cereal Grain_Unknown
401	0	25	60	0.5	0.5	0.5	0.5	1.5	3	4.5	5	2.5	0.5	0.5	0.5	0.1	0.1	0.1	0.1	0.2	0.2	0.2	0.2	0.2	0.1	0.1	0.1	0.006	0.006	0.006	0.006	0.012	0.062	0.123	0.185	0.215	0.215	0.006	0.006	0.034	0.034	0.034	0.034	0.067	0.335	0.67	1.005	1.173	1.173	0.034	0.034	2	100	0.5	0.5	0.2	Silviculture
402	0	25	60	0.5	0.5	0.5	0.5	1.5	3	4.5	5	2.5	0.5	0.5	0.5	0.1	0.1	0.1	0.1	0.2	0.2	0.2	0.2	0.2	0.1	0.1	0.1	0.006	0.006	0.006	0.006	0.012	0.062	0.123	0.185	0.215	0.215	0.006	0.006	0.034	0.034	0.034	0.034	0.067	0.335	0.67	1.005	1.173	1.173	0.034	0.034	2	100	0.5	0.5	0.2	ChristmasTrees
403	0	25	60	0.5	0.5	0.5	0.5	1.5	3	4.5	5	2.5	0.5	0.5	0.5	0.1	0.1	0.1	0.1	0.2	0.2	0.2	0.2	0.2	0.1	0.1	0.1	0.006	0.006	0.006	0.006	0.012	0.062	0.123	0.185	0.215	0.215	0.006	0.006	0.034	0.034	0.034	0.034	0.067	0.335	0.67	1.005	1.173	1.173	0.034	0.034	2	100	0.5	0.5	0.2	Poplar
501	0	25	60	0.5	0.5	0.5	0.5	1.5	3	4.5	5	2.5	0.5	0.5	0.5	0.1	0.1	0.1	0.1	0.2	0.2	0.2	0.2	0.2	0.1	0.1	0.1	0.006	0.006	0.006	0.006	0.012	0.062	0.123	0.185	0.215	0.215	0.006	0.006	0.034	0.034	0.034	0.034	0.067	0.335	0.67	1.005	1.173	1.173	0.034	0.034	2	100	0.5	0.5	0.2	Allium
502	0	25	60	0.5	0.5	0.5	0.5	1.5	3	4.5	5	2.5	0.5	0.5	0.5	0.1	0.1	0.1	0.1	0.2	0.2	0.2	0.2	0.2	0.1	0.1	0.1	0.006	0.006	0.006	0.006	0.012	0.062	0.123	0.185	0.215	0.215	0.006	0.006	0.034	0.034	0.034	0.034	0.067	0.335	0.67	1.005	1.173	1.173	0.034	0.034	2	100	0.5	0.5	0.2	Daffodil
503	0	25	60	0.5	0.5	0.5	0.5	1.5	3	4.5	5	2.5	0.5	0.5	0.5	0.1	0.1	0.1	0.1	0.2	0.2	0.2	0.2	0.2	0.1	0.1	0.1	0.006	0.006	0.006	0.006	0.012	0.062	0.123	0.185	0.215	0.215	0.006	0.006	0.034	0.034	0.034	0.034	0.067	0.335	0.67	1.005	1.173	1.173	0.034	0.034	2	100	0.5	0.5	0.2	Dahlia
504	0	25	60	0.5	0.5	0.5	0.5	1.5	3	4.5	5	2.5	0.5	0.5	0.5	0.1	0.1	0.1	0.1	0.2	0.2	0.2	0.2	0.2	0.1	0.1	0.1	0.006	0.006	0.006	0.006	0.012	0.062	0.123	0.185	0.215	0.215	0.006	0.006	0.034	0.034	0.034	0.034	0.067	0.335	0.67	1.005	1.173	1.173	0.034	0.034	2	100	0.5	0.5	0.2	Iris
505	0	25	60	0.5	0.5	0.5	0.5	1.5	3	4.5	5	2.5	0.5	0.5	0.5	0.1	0.1	0.1	0.1	0.2	0.2	0.2	0.2	0.2	0.1	0.1	0.1	0.006	0.006	0.006	0.006	0.012	0.062	0.123	0.185	0.215	0.215	0.006	0.006	0.034	0.034	0.034	0.034	0.067	0.335	0.67	1.005	1.173	1.173	0.034	0.034	2	100	0.5	0.5	0.2	Tulip
506	0	25	60	0.5	0.5	0.5	0.5	1.5	3	4.5	5	2.5	0.5	0.5	0.5	0.1	0.1	0.1	0.1	0.2	0.2	0.2	0.2	0.2	0.1	0.1	0.1	0.006	0.006	0.006	0.006	0.012	0.062	0.123	0.185	0.215	0.215	0.006	0.006	0.034	0.034	0.034	0.034	0.067	0.335	0.67	1.005	1.173	1.173	0.034	0.034	2	100	0.5	0.5	0.2	Peony
601	0	25	60	0.5	0.5	0.5	0.5	1.5	3	4.5	5	2.5	0.5	0.5	0.5	0.1	0.1	0.1	0.1	0.2	0.2	0.2	0.2	0.2	0.1	0.1	0.1	0.006	0.006	0.006	0.006	0.012	0.062	0.123	0.185	0.215	0.215	0.006	0.006	0.034	0.034	0.034	0.034	0.067	0.335	0.67	1.005	1.173	1.173	0.034	0.034	2	100	0.5	0.5	0.2	GreenManure
602	0	25	60	0.5	0.5	0.5	0.5	1.5	3	4.5	5	2.5	0.5	0.5	0.5	0.1	0.1	0.1	0.1	0.2	0.2	0.2	0.2	0.2	0.1	0.1	0.1	0.006	0.006	0.006	0.006	0.012	0.062	0.123	0.185	0.215	0.215	0.006	0.006	0.034	0.034	0.034	0.034	0.067	0.335	0.67	1.005	1.173	1.173	0.034	0.034	2	100	0.5	0.5	0.2	Pee_Vetch
603	0	25	60	0.5	0.5	0.5	0.5	1.5	3	4.5	5	2.5	0.5	0.5	0.5	0.1	0.1	0.1	0.1	0.2	0.2	0.2	0.2	0.2	0.1	0.1	0.1	0.006	0.006	0.006	0.006	0.012	0.062	0.123	0.185	0.215	0.215	0.006	0.006	0.034	0.034	0.034	0.034	0.067	0.335	0.67	1.005	1.173	1.173	0.034	0.034	2	100	0.5	0.5	0.2	YellowMustard
701	0	25	60	0.5	0.5	0.5	0.5	1.5	3	4.5	5	2.5	0.5	0.5	0.5	0.1	0.1	0.1	0.1	0.2	0.2	0.2	0.2	0.2	0.1	0.1	0.1	0.006	0.006	0.006	0.006	0.012	0.062	0.123	0.185	0.215	0.215	0.006	0.006	0.034	0.034	0.034	0.034	0.067	0.335	0.67	1.005	1.173	1.173	0.034	0.034	2	100	0.5	0.5	0.2	Alfalfa_Hay
702	0	25	60	0.5	0.5	0.5	0.5	1.5	3	4.5	5	2.5	0.5	0.5	0.5	0.1	0.1	0.1	0.1	0.2	0.2	0.2	0.2	0.2	0.1	0.1	0.1	0.006	0.006	0.006	0.006	0.012	0.062	0.123	0.185	0.215	0.215	0.006	0.006	0.034	0.034	0.034	0.034	0.067	0.335	0.67	1.005	1.173	1.173	0.034	0.034	2	100	0.5	0.5	0.2	Barley_Hay
703	0	25	60	0.5	0.5	0.5	0.5	1.5	3	4.5	5	2.5	0.5	0.5	0.5	0.1	0.1	0.1	0.1	0.2	0.2	0.2	0.2	0.2	0.1	0.1	0.1	0.006	0.006	0.006	0.006	0.012	0.062	0.123	0.185	0.215	0.215	0.006	0.006	0.034	0.034	0.034	0.034	0.067	0.335	0.67	1.005	1.173	1.173	0.034	0.034	2	100	0.5	0.5	0.2	AlfalfaOrGrassHay
704	0	25	60	0.5	0.5	0.5	0.5	1.5	3	4.5	5	2.5	0.5	0.5	0.5	0.1	0.1	0.1	0.1	0.2	0.2	0.2	0.2	0.2	0.1	0.1	0.1	0.006	0.006	0.006	0.006	0.012	0.062	0.123	0.185	0.215	0.215	0.006	0.006	0.034	0.034	0.034	0.034	0.067	0.335	0.67	1.005	1.173	1.173	0.034	0.034	2	100	0.5	0.5	0.2	TriticaleHay
705	0	25	60	0.5	0.5	0.5	0.5	1.5	3	4.5	5	2.5	0.5	0.5	0.5	0.1	0.1	0.1	0.1	0.2	0.2	0.2	0.2	0.2	0.1	0.1	0.1	0.006	0.006	0.006	0.006	0.012	0.062	0.123	0.185	0.215	0.215	0.006	0.006	0.034	0.034	0.034	0.034	0.067	0.335	0.67	1.005	1.173	1.173	0.034	0.034	2	100	0.5	0.5	0.2	OatHay
708	0	25	60	0.5	0.5	0.5	0.5	1.5	3	4.5	5	2.5	0.5	0.5	0.5	0.1	0.1	0.1	0.1	0.2	0.2	0.2	0.2	0.2	0.1	0.1	0.1	0.006	0.006	0.006	0.006	0.012	0.062	0.123	0.185	0.215	0.215	0.006	0.006	0.034	0.034	0.034	0.034	0.067	0.335	0.67	1.005	1.173	1.173	0.034	0.034	2	100	0.5	0.5	0.2	CloverHay
713	0	25	60	0.5	0.5	0.5	0.5	1.5	3	4.5	5	2.5	0.5	0.5	0.5	0.1	0.1	0.1	0.1	0.2	0.2	0.2	0.2	0.2	0.1	0.1	0.1	0.006	0.006	0.006	0.006	0.012	0.062	0.123	0.185	0.215	0.215	0.006	0.006	0.034	0.034	0.034	0.034	0.067	0.335	0.67	1.005	1.173	1.173	0.034	0.034	2	100	0.5	0.5	0.2	GrassHay
720	0	25	60	0.5	0.5	0.5	0.5	1.5	3	4.5	5	2.5	0.5	0.5	0.5	0.1	0.1	0.1	0.1	0.2	0.2	0.2	0.2	0.2	0.1	0.1	0.1	0.006	0.006	0.006	0.006	0.012	0.062	0.123	0.185	0.215	0.215	0.006	0.006	0.034	0.034	0.034	0.034	0.067	0.335	0.67	1.005	1.173	1.173	0.034	0.034	2	100	0.5	0.5	0.2	Sorghum
721	0	25	60	0.5	0.5	0.5	0.5	1.5	3	4.5	5	2.5	0.5	0.5	0.5	0.1	0.1	0.1	0.1	0.2	0.2	0.2	0.2	0.2	0.1	0.1	0.1	0.006	0.006	0.006	0.006	0.012	0.062	0.123	0.185	0.215	0.215	0.006	0.006	0.034	0.034	0.034	0.034	0.067	0.335	0.67	1.005	1.173	1.173	0.034	0.034	2	100	0.5	0.5	0.2	Sudangrass
722	0	25	60	0.5	0.5	0.5	0.5	1.5	3	4.5	5	2.5	0.5	0.5	0.5	0.1	0.1	0.1	0.1	0.2	0.2	0.2	0.2	0.2	0.1	0.1	0.1	0.006	0.006	0.006	0.006	0.012	0.062	0.123	0.185	0.215	0.215	0.006	0.006	0.034	0.034	0.034	0.034	0.067	0.335	0.67	1.005	1.173	1.173	0.034	0.034	2	100	0.5	0.5	0.2	Timothy
798	0	25	60	0.5	0.5	0.5	0.5	1.5	3	4.5	5	2.5	0.5	0.5	0.5	0.1	0.1	0.1	0.1	0.2	0.2	0.2	0.2	0.2	0.1	0.1	0.1	0.006	0.006	0.006	0.006	0.012	0.062	0.123	0.185	0.215	0.215	0.006	0.006	0.034	0.034	0.034	0.034	0.067	0.335	0.67	1.005	1.173	1.173	0.034	0.034	2	100	0.5	0.5	0.2	Hay_Silage_Unknown
801	0	25	60	0.5	0.5	0.5	0.5	1.5	3	4.5	5	2.5	0.5	0.5	0.5	0.1	0.1	0.1	0.1	0.2	0.2	0.2	0.2	0.2	0.1	0.1	0.1	0.006	0.006	0.006	0.006	0.012	0.062	0.123	0.185	0.215	0.215	0.006	0.006	0.034	0.034	0.034	0.034	0.067	0.335	0.67	1.005	1.173	1.173	0.034	0.034	2	100	0.5	0.5	0.2	Medicinal_Herb
802	0	25	60	0.5	0.5	0.5	0.5	1.5	3	4.5	5	2.5	0.5	0.5	0.5	0.1	0.1	0.1	0.1	0.2	0.2	0.2	0.2	0.2	0.1	0.1	0.1	0.006	0.006	0.006	0.006	0.012	0.062	0.123	0.185	0.215	0.215	0.006	0.006	0.034	0.034	0.034	0.034	0.067	0.335	0.67	1.005	1.173	1.173	0.034	0.034	2	100	0.5	0.5	0.2	Tobacco
804	0	25	60	0.5	0.5	0.5	0.5	1.5	3	4.5	5	2.5	0.5	0.5	0.5	0.1	0.1	0.1	0.1	0.2	0.2	0.2	0.2	0.2	0.1	0.1	0.1	0.006	0.006	0.006	0.006	0.012	0.062	0.123	0.185	0.215	0.215	0.006	0.006	0.034	0.034	0.034	0.034	0.067	0.335	0.67	1.005	1.173	1.173	0.034	0.034	2	100	0.5	0.5	0.2	Tea
806	0	25	60	0.5	0.5	0.5	0.5	1.5	3	4.5	5	2.5	0.5	0.5	0.5	0.1	0.1	0.1	0.1	0.2	0.2	0.2	0.2	0.2	0.1	0.1	0.1	0.006	0.006	0.006	0.006	0.012	0.062	0.123	0.185	0.215	0.215	0.006	0.006	0.034	0.034	0.034	0.034	0.067	0.335	0.67	1.005	1.173	1.173	0.034	0.034	2	100	0.5	0.5	0.2	Hops
807	0	25	60	0.5	0.5	0.5	0.5	1.5	3	4.5	5	2.5	0.5	0.5	0.5	0.1	0.1	0.1	0.1	0.2	0.2	0.2	0.2	0.2	0.1	0.1	0.1	0.006	0.006	0.006	0.006	0.012	0.062	0.123	0.185	0.215	0.215	0.006	0.006	0.034	0.034	0.034	0.034	0.067	0.335	0.67	1.005	1.173	1.173	0.034	0.034	2	100	0.5	0.5	0.2	Mint
898	0	25	60	0.5	0.5	0.5	0.5	1.5	3	4.5	5	2.5	0.5	0.5	0.5	0.1	0.1	0.1	0.1	0.2	0.2	0.2	0.2	0.2	0.1	0.1	0.1	0.006	0.006	0.006	0.006	0.012	0.062	0.123	0.185	0.215	0.215	0.006	0.006	0.034	0.034	0.034	0.034	0.067	0.335	0.67	1.005	1.173	1.173	0.034	0.034	2	100	0.5	0.5	0.2	Herb_Unknown
1001	0	25	60	0.5	0.5	0.5	0.5	1.5	3	4.5	5	2.5	0.5	0.5	0.5	0.1	0.1	0.1	0.1	0.2	0.2	0.2	0.2	0.2	0.1	0.1	0.1	0.006	0.006	0.006	0.006	0.012	0.062	0.123	0.185	0.215	0.215	0.006	0.006	0.034	0.034	0.034	0.034	0.067	0.335	0.67	1.005	1.173	1.173	0.034	0.034	2	100	0.5	0.5	0.2	Watermelon
1002	0	25	60	0.5	0.5	0.5	0.5	1.5	3	4.5	5	2.5	0.5	0.5	0.5	0.1	0.1	0.1	0.1	0.2	0.2	0.2	0.2	0.2	0.1	0.1	0.1	0.006	0.006	0.006	0.006	0.012	0.062	0.123	0.185	0.215	0.215	0.006	0.006	0.034	0.034	0.034	0.034	0.067	0.335	0.67	1.005	1.173	1.173	0.034	0.034	2	100	0.5	0.5	0.2	Cantaloupe
1098	0	25	60	0.5	0.5	0.5	0.5	1.5	3	4.5	5	2.5	0.5	0.5	0.5	0.1	0.1	0.1	0.1	0.2	0.2	0.2	0.2	0.2	0.1	0.1	0.1	0.006	0.006	0.006	0.006	0.012	0.062	0.123	0.185	0.215	0.215	0.006	0.006	0.034	0.034	0.034	0.034	0.067	0.335	0.67	1.005	1.173	1.173	0.034	0.034	2	100	0.5	0.5	0.2	Melon_Unknown
1205	0	25	60	0.5	0.5	0.5	0.5	1.5	3	4.5	5	2.5	0.5	0.5	0.5	0.1	0.1	0.1	0.1	0.2	0.2	0.2	0.2	0.2	0.1	0.1	0.1	0.006	0.006	0.006	0.006	0.012	0.062	0.123	0.185	0.215	0.215	0.006	0.006	0.034	0.034	0.034	0.034	0.067	0.335	0.67	1.005	1.173	1.173	0.034	0.034	2	100	0.5	0.5	0.2	Pasture
1303	0	25	60	0.5	0.5	0.5	0.5	1.5	3	4.5	5	2.5	0.5	0.5	0.5	0.1	0.1	0.1	0.1	0.2	0.2	0.2	0.2	0.2	0.1	0.1	0.1	0.006	0.006	0.006	0.006	0.012	0.062	0.123	0.185	0.215	0.215	0.006	0.006	0.034	0.034	0.034	0.034	0.067	0.335	0.67	1.005	1.173	1.173	0.034	0.034	2	100	0.5	0.5	0.2	Nursery_Silviculture
1304	0	25	60	0.5	0.5	0.5	0.5	1.5	3	4.5	5	2.5	0.5	0.5	0.5	0.1	0.1	0.1	0.1	0.2	0.2	0.2	0.2	0.2	0.1	0.1	0.1	0.006	0.006	0.006	0.006	0.012	0.062	0.123	0.185	0.215	0.215	0.006	0.006	0.034	0.034	0.034	0.034	0.067	0.335	0.67	1.005	1.173	1.173	0.034	0.034	2	100	0.5	0.5	0.2	Nursery_Orchard/Vineyard
1306	0	25	60	0.5	0.5	0.5	0.5	1.5	3	4.5	5	2.5	0.5	0.5	0.5	0.1	0.1	0.1	0.1	0.2	0.2	0.2	0.2	0.2	0.1	0.1	0.1	0.006	0.006	0.006	0.006	0.012	0.062	0.123	0.185	0.215	0.215	0.006	0.006	0.034	0.034	0.034	0.034	0.067	0.335	0.67	1.005	1.173	1.173	0.034	0.034	2	100	0.5	0.5	0.2	Nursery_Greenhouse
1307	0	25	60	0.5	0.5	0.5	0.5	1.5	3	4.5	5	2.5	0.5	0.5	0.5	0.1	0.1	0.1	0.1	0.2	0.2	0.2	0.2	0.2	0.1	0.1	0.1	0.006	0.006	0.006	0.006	0.012	0.062	0.123	0.185	0.215	0.215	0.006	0.006	0.034	0.034	0.034	0.034	0.067	0.335	0.67	1.005	1.173	1.173	0.034	0.034	2	100	0.5	0.5	0.2	Nursery_Holly
1308	0	25	60	0.5	0.5	0.5	0.5	1.5	3	4.5	5	2.5	0.5	0.5	0.5	0.1	0.1	0.1	0.1	0.2	0.2	0.2	0.2	0.2	0.1	0.1	0.1	0.006	0.006	0.006	0.006	0.012	0.062	0.123	0.185	0.215	0.215	0.006	0.006	0.034	0.034	0.034	0.034	0.067	0.335	0.67	1.005	1.173	1.173	0.034	0.034	2	100	0.5	0.5	0.2	Nursery_Lavender
1311	0	25	60	0.5	0.5	0.5	0.5	1.5	3	4.5	5	2.5	0.5	0.5	0.5	0.1	0.1	0.1	0.1	0.2	0.2	0.2	0.2	0.2	0.1	0.1	0.1	0.006	0.006	0.006	0.006	0.012	0.062	0.123	0.185	0.215	0.215	0.006	0.006	0.034	0.034	0.034	0.034	0.067	0.335	0.67	1.005	1.173	1.173	0.034	0.034	2	100	0.5	0.5	0.2	Nursery_Ornamental
1312	0	25	60	0.5	0.5	0.5	0.5	1.5	3	4.5	5	2.5	0.5	0.5	0.5	0.1	0.1	0.1	0.1	0.2	0.2	0.2	0.2	0.2	0.1	0.1	0.1	0.006	0.006	0.006	0.006	0.012	0.062	0.123	0.185	0.215	0.215	0.006	0.006	0.034	0.034	0.034	0.034	0.067	0.335	0.67	1.005	1.173	1.173	0.034	0.034	2	100	0.5	0.5	0.2	Nursery_Caneberry
1401	0	25	60	0.5	0.5	0.5	0.5	1.5	3	4.5	5	2.5	0.5	0.5	0.5	0.1	0.1	0.1	0.1	0.2	0.2	0.2	0.2	0.2	0.1	0.1	0.1	0.006	0.006	0.006	0.006	0.012	0.062	0.123	0.185	0.215	0.215	0.006	0.006	0.034	0.034	0.034	0.034	0.067	0.335	0.67	1.005	1.173	1.173	0.034	0.034	2	100	0.5	0.5	0.2	Apples
1402	0	25	60	0.5	0.5	0.5	0.5	1.5	3	4.5	5	2.5	0.5	0.5	0.5	0.1	0.1	0.1	0.1	0.2	0.2	0.2	0.2	0.2	0.1	0.1	0.1	0.006	0.006	0.006	0.006	0.012	0.062	0.123	0.185	0.215	0.215	0.006	0.006	0.034	0.034	0.034	0.034	0.067	0.335	0.67	1.005	1.173	1.173	0.034	0.034	2	100	0.5	0.5	0.2	Apricots
1403	0	25	60	0.5	0.5	0.5	0.5	1.5	3	4.5	5	2.5	0.5	0.5	0.5	0.1	0.1	0.1	0.1	0.2	0.2	0.2	0.2	0.2	0.1	0.1	0.1	0.006	0.006	0.006	0.006	0.012	0.062	0.123	0.185	0.215	0.215	0.006	0.006	0.034	0.034	0.034	0.034	0.067	0.335	0.67	1.005	1.173	1.173	0.034	0.034	2	100	0.5	0.5	0.2	Cherry
1404	0	25	60	0.5	0.5	0.5	0.5	1.5	3	4.5	5	2.5	0.5	0.5	0.5	0.1	0.1	0.1	0.1	0.2	0.2	0.2	0.2	0.2	0.1	0.1	0.1	0.006	0.006	0.006	0.006	0.012	0.062	0.123	0.185	0.215	0.215	0.006	0.006	0.034	0.034	0.034	0.034	0.067	0.335	0.67	1.005	1.173	1.173	0.034	0.034	2	100	0.5	0.5	0.2	Chestnut
1405	0	25	60	0.5	0.5	0.5	0.5	1.5	3	4.5	5	2.5	0.5	0.5	0.5	0.1	0.1	0.1	0.1	0.2	0.2	0.2	0.2	0.2	0.1	0.1	0.1	0.006	0.006	0.006	0.006	0.012	0.062	0.123	0.185	0.215	0.215	0.006	0.006	0.034	0.034	0.034	0.034	0.067	0.335	0.67	1.005	1.173	1.173	0.034	0.034	2	100	0.5	0.5	0.2	Filbert
1407	0	25	60	0.5	0.5	0.5	0.5	1.5	3	4.5	5	2.5	0.5	0.5	0.5	0.1	0.1	0.1	0.1	0.2	0.2	0.2	0.2	0.2	0.1	0.1	0.1	0.006	0.006	0.006	0.006	0.012	0.062	0.123	0.185	0.215	0.215	0.006	0.006	0.034	0.034	0.034	0.034	0.067	0.335	0.67	1.005	1.173	1.173	0.034	0.034	2	100	0.5	0.5	0.2	Nectarine_or_Peach
1409	0	25	60	0.5	0.5	0.5	0.5	1.5	3	4.5	5	2.5	0.5	0.5	0.5	0.1	0.1	0.1	0.1	0.2	0.2	0.2	0.2	0.2	0.1	0.1	0.1	0.006	0.006	0.006	0.006	0.012	0.062	0.123	0.185	0.215	0.215	0.006	0.006	0.034	0.034	0.034	0.034	0.067	0.335	0.67	1.005	1.173	1.173	0.034	0.034	2	100	0.5	0.5	0.2	Pear
1410	0	25	60	0.5	0.5	0.5	0.5	1.5	3	4.5	5	2.5	0.5	0.5	0.5	0.1	0.1	0.1	0.1	0.2	0.2	0.2	0.2	0.2	0.1	0.1	0.1	0.006	0.006	0.006	0.006	0.012	0.062	0.123	0.185	0.215	0.215	0.006	0.006	0.034	0.034	0.034	0.034	0.067	0.335	0.67	1.005	1.173	1.173	0.034	0.034	2	100	0.5	0.5	0.2	Plum
1411	0	25	60	0.5	0.5	0.5	0.5	1.5	3	4.5	5	2.5	0.5	0.5	0.5	0.1	0.1	0.1	0.1	0.2	0.2	0.2	0.2	0.2	0.1	0.1	0.1	0.006	0.006	0.006	0.006	0.012	0.062	0.123	0.185	0.215	0.215	0.006	0.006	0.034	0.034	0.034	0.034	0.067	0.335	0.67	1.005	1.173	1.173	0.034	0.034	2	100	0.5	0.5	0.2	Walnuts
1498	0	25	60	0.5	0.5	0.5	0.5	1.5	3	4.5	5	2.5	0.5	0.5	0.5	0.1	0.1	0.1	0.1	0.2	0.2	0.2	0.2	0.2	0.1	0.1	0.1	0.006	0.006	0.006	0.006	0.012	0.062	0.123	0.185	0.215	0.215	0.006	0.006	0.034	0.034	0.034	0.034	0.067	0.335	0.67	1.005	1.173	1.173	0.034	0.034	2	100	0.5	0.5	0.2	Orchard_Unknown
1501	0	25	60	0.5	0.5	0.5	0.5	1.5	3	4.5	5	2.5	0.5	0.5	0.5	0.1	0.1	0.1	0.1	0.2	0.2	0.2	0.2	0.2	0.1	0.1	0.1	0.006	0.006	0.006	0.006	0.012	0.062	0.123	0.185	0.215	0.215	0.006	0.006	0.034	0.034	0.034	0.034	0.067	0.335	0.67	1.005	1.173	1.173	0.034	0.034	2	100	0.5	0.5	0.2	Alfalfa_Seed
1502	0	25	60	0.5	0.5	0.5	0.5	1.5	3	4.5	5	2.5	0.5	0.5	0.5	0.1	0.1	0.1	0.1	0.2	0.2	0.2	0.2	0.2	0.1	0.1	0.1	0.006	0.006	0.006	0.006	0.012	0.062	0.123	0.185	0.215	0.215	0.006	0.006	0.034	0.034	0.034	0.034	0.067	0.335	0.67	1.005	1.173	1.173	0.034	0.034	2	100	0.5	0.5	0.2	Beet_Seed
1503	0	25	60	0.5	0.5	0.5	0.5	1.5	3	4.5	5	2.5	0.5	0.5	0.5	0.1	0.1	0.1	0.1	0.2	0.2	0.2	0.2	0.2	0.1	0.1	0.1	0.006	0.006	0.006	0.006	0.012	0.062	0.123	0.185	0.215	0.215	0.006	0.006	0.034	0.034	0.034	0.034	0.067	0.335	0.67	1.005	1.173	1.173	0.034	0.034	2	100	0.5	0.5	0.2	Bluegrass_Seed
1504	0	25	60	0.5	0.5	0.5	0.5	1.5	3	4.5	5	2.5	0.5	0.5	0.5	0.1	0.1	0.1	0.1	0.2	0.2	0.2	0.2	0.2	0.1	0.1	0.1	0.006	0.006	0.006	0.006	0.012	0.062	0.123	0.185	0.215	0.215	0.006	0.006	0.034	0.034	0.034	0.034	0.067	0.335	0.67	1.005	1.173	1.173	0.034	0.034	2	100	0.5	0.5	0.2	Bromegrass_Seed
1506	0	25	60	0.5	0.5	0.5	0.5	1.5	3	4.5	5	2.5	0.5	0.5	0.5	0.1	0.1	0.1	0.1	0.2	0.2	0.2	0.2	0.2	0.1	0.1	0.1	0.006	0.006	0.006	0.006	0.012	0.062	0.123	0.185	0.215	0.215	0.006	0.006	0.034	0.034	0.034	0.034	0.067	0.335	0.67	1.005	1.173	1.173	0.034	0.034	2	100	0.5	0.5	0.2	Cabbage_Seed
1507	0	25	60	0.5	0.5	0.5	0.5	1.5	3	4.5	5	2.5	0.5	0.5	0.5	0.1	0.1	0.1	0.1	0.2	0.2	0.2	0.2	0.2	0.1	0.1	0.1	0.006	0.006	0.006	0.006	0.012	0.062	0.123	0.185	0.215	0.215	0.006	0.006	0.034	0.034	0.034	0.034	0.067	0.335	0.67	1.005	1.173	1.173	0.034	0.034	2	100	0.5	0.5	0.2	Carrot_Seed
1509	0	25	60	0.5	0.5	0.5	0.5	1.5	3	4.5	5	2.5	0.5	0.5	0.5	0.1	0.1	0.1	0.1	0.2	0.2	0.2	0.2	0.2	0.1	0.1	0.1	0.006	0.006	0.006	0.006	0.012	0.062	0.123	0.185	0.215	0.215	0.006	0.006	0.034	0.034	0.034	0.034	0.067	0.335	0.67	1.005	1.173	1.173	0.034	0.034	2	100	0.5	0.5	0.2	Corn_Seed
1510	0	25	60	0.5	0.5	0.5	0.5	1.5	3	4.5	5	2.5	0.5	0.5	0.5	0.1	0.1	0.1	0.1	0.2	0.2	0.2	0.2	0.2	0.1	0.1	0.1	0.006	0.006	0.006	0.006	0.012	0.062	0.123	0.185	0.215	0.215	0.006	0.006	0.034	0.034	0.034	0.034	0.067	0.335	0.67	1.005	1.173	1.173	0.034	0.034	2	100	0.5	0.5	0.2	Conifer_Seed
1512	0	25	60	0.5	0.5	0.5	0.5	1.5	3	4.5	5	2.5	0.5	0.5	0.5	0.1	0.1	0.1	0.1	0.2	0.2	0.2	0.2	0.2	0.1	0.1	0.1	0.006	0.006	0.006	0.006	0.012	0.062	0.123	0.185	0.215	0.215	0.006	0.006	0.034	0.034	0.034	0.034	0.067	0.335	0.67	1.005	1.173	1.173	0.034	0.034	2	100	0.5	0.5	0.2	Onion_Seed
1513	0	25	60	0.5	0.5	0.5	0.5	1.5	3	4.5	5	2.5	0.5	0.5	0.5	0.1	0.1	0.1	0.1	0.2	0.2	0.2	0.2	0.2	0.1	0.1	0.1	0.006	0.006	0.006	0.006	0.012	0.062	0.123	0.185	0.215	0.215	0.006	0.006	0.034	0.034	0.034	0.034	0.067	0.335	0.67	1.005	1.173	1.173	0.034	0.034	2	100	0.5	0.5	0.2	Pea_Seed
1514	0	25	60	0.5	0.5	0.5	0.5	1.5	3	4.5	5	2.5	0.5	0.5	0.5	0.1	0.1	0.1	0.1	0.2	0.2	0.2	0.2	0.2	0.1	0.1	0.1	0.006	0.006	0.006	0.006	0.012	0.062	0.123	0.185	0.215	0.215	0.006	0.006	0.034	0.034	0.034	0.034	0.067	0.335	0.67	1.005	1.173	1.173	0.034	0.034	2	100	0.5	0.5	0.2	Flax_seed
1516	0	25	60	0.5	0.5	0.5	0.5	1.5	3	4.5	5	2.5	0.5	0.5	0.5	0.1	0.1	0.1	0.1	0.2	0.2	0.2	0.2	0.2	0.1	0.1	0.1	0.006	0.006	0.006	0.006	0.012	0.062	0.123	0.185	0.215	0.215	0.006	0.006	0.034	0.034	0.034	0.034	0.067	0.335	0.67	1.005	1.173	1.173	0.034	0.034	2	100	0.5	0.5	0.2	Radish_Seed
1517	0	25	60	0.5	0.5	0.5	0.5	1.5	3	4.5	5	2.5	0.5	0.5	0.5	0.1	0.1	0.1	0.1	0.2	0.2	0.2	0.2	0.2	0.1	0.1	0.1	0.006	0.006	0.006	0.006	0.012	0.062	0.123	0.185	0.215	0.215	0.006	0.006	0.034	0.034	0.034	0.034	0.067	0.335	0.67	1.005	1.173	1.173	0.034	0.034	2	100	0.5	0.5	0.2	Ryegrass_Seed
1518	0	25	60	0.5	0.5	0.5	0.5	1.5	3	4.5	5	2.5	0.5	0.5	0.5	0.1	0.1	0.1	0.1	0.2	0.2	0.2	0.2	0.2	0.1	0.1	0.1	0.006	0.006	0.006	0.006	0.012	0.062	0.123	0.185	0.215	0.215	0.006	0.006	0.034	0.034	0.034	0.034	0.067	0.335	0.67	1.005	1.173	1.173	0.034	0.034	2	100	0.5	0.5	0.2	Safflower_Seed
1519	0	25	60	0.5	0.5	0.5	0.5	1.5	3	4.5	5	2.5	0.5	0.5	0.5	0.1	0.1	0.1	0.1	0.2	0.2	0.2	0.2	0.2	0.1	0.1	0.1	0.006	0.006	0.006	0.006	0.012	0.062	0.123	0.185	0.215	0.215	0.006	0.006	0.034	0.034	0.034	0.034	0.067	0.335	0.67	1.005	1.173	1.173	0.034	0.034	2	100	0.5	0.5	0.2	Spinach_Seed
1520	0	25	60	0.5	0.5	0.5	0.5	1.5	3	4.5	5	2.5	0.5	0.5	0.5	0.1	0.1	0.1	0.1	0.2	0.2	0.2	0.2	0.2	0.1	0.1	0.1	0.006	0.006	0.006	0.006	0.012	0.062	0.123	0.185	0.215	0.215	0.006	0.006	0.034	0.034	0.034	0.034	0.067	0.335	0.67	1.005	1.173	1.173	0.034	0.034	2	100	0.5	0.5	0.2	SugarBeet_Seed
1521	0	25	60	0.5	0.5	0.5	0.5	1.5	3	4.5	5	2.5	0.5	0.5	0.5	0.1	0.1	0.1	0.1	0.2	0.2	0.2	0.2	0.2	0.1	0.1	0.1	0.006	0.006	0.006	0.006	0.012	0.062	0.123	0.185	0.215	0.215	0.006	0.006	0.034	0.034	0.034	0.034	0.067	0.335	0.67	1.005	1.173	1.173	0.034	0.034	2	100	0.5	0.5	0.2	SwissChard_Seed
1522	0	25	60	0.5	0.5	0.5	0.5	1.5	3	4.5	5	2.5	0.5	0.5	0.5	0.1	0.1	0.1	0.1	0.2	0.2	0.2	0.2	0.2	0.1	0.1	0.1	0.006	0.006	0.006	0.006	0.012	0.062	0.123	0.185	0.215	0.215	0.006	0.006	0.034	0.034	0.034	0.034	0.067	0.335	0.67	1.005	1.173	1.173	0.034	0.034	2	100	0.5	0.5	0.2	Bean_Seed
1523	0	25	60	0.5	0.5	0.5	0.5	1.5	3	4.5	5	2.5	0.5	0.5	0.5	0.1	0.1	0.1	0.1	0.2	0.2	0.2	0.2	0.2	0.1	0.1	0.1	0.006	0.006	0.006	0.006	0.012	0.062	0.123	0.185	0.215	0.215	0.006	0.006	0.034	0.034	0.034	0.034	0.067	0.335	0.67	1.005	1.173	1.173	0.034	0.034	2	100	0.5	0.5	0.2	Mustard_Seed
1525	0	25	60	0.5	0.5	0.5	0.5	1.5	3	4.5	5	2.5	0.5	0.5	0.5	0.1	0.1	0.1	0.1	0.2	0.2	0.2	0.2	0.2	0.1	0.1	0.1	0.006	0.006	0.006	0.006	0.012	0.062	0.123	0.185	0.215	0.215	0.006	0.006	0.034	0.034	0.034	0.034	0.067	0.335	0.67	1.005	1.173	1.173	0.034	0.034	2	100	0.5	0.5	0.2	Cilantro_Seed
1526	0	25	60	0.5	0.5	0.5	0.5	1.5	3	4.5	5	2.5	0.5	0.5	0.5	0.1	0.1	0.1	0.1	0.2	0.2	0.2	0.2	0.2	0.1	0.1	0.1	0.006	0.006	0.006	0.006	0.012	0.062	0.123	0.185	0.215	0.215	0.006	0.006	0.034	0.034	0.034	0.034	0.067	0.335	0.67	1.005	1.173	1.173	0.034	0.034	2	100	0.5	0.5	0.2	Fescue_Seed
1527	0	25	60	0.5	0.5	0.5	0.5	1.5	3	4.5	5	2.5	0.5	0.5	0.5	0.1	0.1	0.1	0.1	0.2	0.2	0.2	0.2	0.2	0.1	0.1	0.1	0.006	0.006	0.006	0.006	0.012	0.062	0.123	0.185	0.215	0.215	0.006	0.006	0.034	0.034	0.034	0.034	0.067	0.335	0.67	1.005	1.173	1.173	0.034	0.034	2	100	0.5	0.5	0.2	Grass_Seed
1531	0	25	60	0.5	0.5	0.5	0.5	1.5	3	4.5	5	2.5	0.5	0.5	0.5	0.1	0.1	0.1	0.1	0.2	0.2	0.2	0.2	0.2	0.1	0.1	0.1	0.006	0.006	0.006	0.006	0.012	0.062	0.123	0.185	0.215	0.215	0.006	0.006	0.034	0.034	0.034	0.034	0.067	0.335	0.67	1.005	1.173	1.173	0.034	0.034	2	100	0.5	0.5	0.2	Sunflower_Seed
1532	0	25	60	0.5	0.5	0.5	0.5	1.5	3	4.5	5	2.5	0.5	0.5	0.5	0.1	0.1	0.1	0.1	0.2	0.2	0.2	0.2	0.2	0.1	0.1	0.1	0.006	0.006	0.006	0.006	0.012	0.062	0.123	0.185	0.215	0.215	0.006	0.006	0.034	0.034	0.034	0.034	0.067	0.335	0.67	1.005	1.173	1.173	0.034	0.034	2	100	0.5	0.5	0.2	Yarrow_Seed
1598	0	25	60	0.5	0.5	0.5	0.5	1.5	3	4.5	5	2.5	0.5	0.5	0.5	0.1	0.1	0.1	0.1	0.2	0.2	0.2	0.2	0.2	0.1	0.1	0.1	0.006	0.006	0.006	0.006	0.012	0.062	0.123	0.185	0.215	0.215	0.006	0.006	0.034	0.034	0.034	0.034	0.067	0.335	0.67	1.005	1.173	1.173	0.034	0.034	2	100	0.5	0.5	0.2	Seed_Unknown
1601	0	25	60	0.5	0.5	0.5	0.5	1.5	3	4.5	5	2.5	0.5	0.5	0.5	0.1	0.1	0.1	0.1	0.2	0.2	0.2	0.2	0.2	0.1	0.1	0.1	0.006	0.006	0.006	0.006	0.012	0.062	0.123	0.185	0.215	0.215	0.006	0.006	0.034	0.034	0.034	0.034	0.067	0.335	0.67	1.005	1.173	1.173	0.034	0.034	2	100	0.5	0.5	0.2	Shellfish
1701	0	25	50	2	2.25	2.95	3.85	3.75	3.5	3.55	3.2	3.3	2.85	2.6	2.2	0.2	0.2	0.2	0.2	0.2	0.2	0.2	0.2	0.2	0.2	0.2	0.2	0.0738	0.0738	0.0738	0.0738	0.0738	0.0738	0.0738	0.0738	0.0738	0.0738	0.0738	0.0738	0.402	0.402	0.402	0.402	0.402	0.402	0.402	0.402	0.402	0.402	0.402	0.402	3	100	0.5	0.5	0.2	Driving Range
1702	0	25	50	2	2.25	2.95	3.85	3.75	3.5	3.55	3.2	3.3	2.85	2.6	2.2	0.2	0.2	0.2	0.2	0.2	0.2	0.2	0.2	0.2	0.2	0.2	0.2	0.0738	0.0738	0.0738	0.0738	0.0738	0.0738	0.0738	0.0738	0.0738	0.0738	0.0738	0.0738	0.402	0.402	0.402	0.402	0.402	0.402	0.402	0.402	0.402	0.402	0.402	0.402	3	100	0.5	0.5	0.2	Golf Course
1704	0	25	50	2	2.25	2.95	3.85	3.75	3.5	3.55	3.2	3.3	2.85	2.6	2.2	0.2	0.2	0.2	0.2	0.2	0.2	0.2	0.2	0.2	0.2	0.2	0.2	0.0738	0.0738	0.0738	0.0738	0.0738	0.0738	0.0738	0.0738	0.0738	0.0738	0.0738	0.0738	0.402	0.402	0.402	0.402	0.402	0.402	0.402	0.402	0.402	0.402	0.402	0.402	3	100	0.5	0.5	0.2	Sod Farm
1801	0	25	60	0.5	0.5	0.5	0.5	1.5	3	4.5	5	2.5	0.5	0.5	0.5	0.1	0.1	0.1	0.1	0.2	0.2	0.2	0.2	0.2	0.1	0.1	0.1	0.006	0.006	0.006	0.006	0.012	0.062	0.123	0.185	0.215	0.215	0.006	0.006	0.034	0.034	0.034	0.034	0.067	0.335	0.67	1.005	1.173	1.173	0.034	0.034	2	100	0.5	0.5	0.2	Artichoke
1802	0	25	60	0.5	0.5	0.5	0.5	1.5	3	4.5	5	2.5	0.5	0.5	0.5	0.1	0.1	0.1	0.1	0.2	0.2	0.2	0.2	0.2	0.1	0.1	0.1	0.006	0.006	0.006	0.006	0.012	0.062	0.123	0.185	0.215	0.215	0.006	0.006	0.034	0.034	0.034	0.034	0.067	0.335	0.67	1.005	1.173	1.173	0.034	0.034	2	100	0.5	0.5	0.2	Asparagus
1803	0	25	60	0.5	0.5	0.5	0.5	1.5	3	4.5	5	2.5	0.5	0.5	0.5	0.1	0.1	0.1	0.1	0.2	0.2	0.2	0.2	0.2	0.1	0.1	0.1	0.006	0.006	0.006	0.006	0.012	0.062	0.123	0.185	0.215	0.215	0.006	0.006	0.034	0.034	0.034	0.034	0.067	0.335	0.67	1.005	1.173	1.173	0.034	0.034	2	100	0.5	0.5	0.2	Bean_Dry
1804	0	25	60	0.5	0.5	0.5	0.5	1.5	3	4.5	5	2.5	0.5	0.5	0.5	0.1	0.1	0.1	0.1	0.2	0.2	0.2	0.2	0.2	0.1	0.1	0.1	0.006	0.006	0.006	0.006	0.012	0.062	0.123	0.185	0.215	0.215	0.006	0.006	0.034	0.034	0.034	0.034	0.067	0.335	0.67	1.005	1.173	1.173	0.034	0.034	2	100	0.5	0.5	0.2	Bean_Green
1807	0	25	60	0.5	0.5	0.5	0.5	1.5	3	4.5	5	2.5	0.5	0.5	0.5	0.1	0.1	0.1	0.1	0.2	0.2	0.2	0.2	0.2	0.1	0.1	0.1	0.006	0.006	0.006	0.006	0.012	0.062	0.123	0.185	0.215	0.215	0.006	0.006	0.034	0.034	0.034	0.034	0.067	0.335	0.67	1.005	1.173	1.173	0.034	0.034	2	100	0.5	0.5	0.2	Broccoli
1808	0	25	60	0.5	0.5	0.5	0.5	1.5	3	4.5	5	2.5	0.5	0.5	0.5	0.1	0.1	0.1	0.1	0.2	0.2	0.2	0.2	0.2	0.1	0.1	0.1	0.006	0.006	0.006	0.006	0.012	0.062	0.123	0.185	0.215	0.215	0.006	0.006	0.034	0.034	0.034	0.034	0.067	0.335	0.67	1.005	1.173	1.173	0.034	0.034	2	100	0.5	0.5	0.2	Brussels_Sprouts
1809	0	25	60	0.5	0.5	0.5	0.5	1.5	3	4.5	5	2.5	0.5	0.5	0.5	0.1	0.1	0.1	0.1	0.2	0.2	0.2	0.2	0.2	0.1	0.1	0.1	0.006	0.006	0.006	0.006	0.012	0.062	0.123	0.185	0.215	0.215	0.006	0.006	0.034	0.034	0.034	0.034	0.067	0.335	0.67	1.005	1.173	1.173	0.034	0.034	2	100	0.5	0.5	0.2	Cabbage
1810	0	25	60	0.5	0.5	0.5	0.5	1.5	3	4.5	5	2.5	0.5	0.5	0.5	0.1	0.1	0.1	0.1	0.2	0.2	0.2	0.2	0.2	0.1	0.1	0.1	0.006	0.006	0.006	0.006	0.012	0.062	0.123	0.185	0.215	0.215	0.006	0.006	0.034	0.034	0.034	0.034	0.067	0.335	0.67	1.005	1.173	1.173	0.034	0.034	2	100	0.5	0.5	0.2	Carrots
1811	0	25	60	0.5	0.5	0.5	0.5	1.5	3	4.5	5	2.5	0.5	0.5	0.5	0.1	0.1	0.1	0.1	0.2	0.2	0.2	0.2	0.2	0.1	0.1	0.1	0.006	0.006	0.006	0.006	0.012	0.062	0.123	0.185	0.215	0.215	0.006	0.006	0.034	0.034	0.034	0.034	0.067	0.335	0.67	1.005	1.173	1.173	0.034	0.034	2	100	0.5	0.5	0.2	Cauliflower
1813	0	25	60	0.5	0.5	0.5	0.5	1.5	3	4.5	5	2.5	0.5	0.5	0.5	0.1	0.1	0.1	0.1	0.2	0.2	0.2	0.2	0.2	0.1	0.1	0.1	0.006	0.006	0.006	0.006	0.012	0.062	0.123	0.185	0.215	0.215	0.006	0.006	0.034	0.034	0.034	0.034	0.067	0.335	0.67	1.005	1.173	1.173	0.034	0.034	2	100	0.5	0.5	0.2	Chickpea
1814	0	25	60	0.5	0.5	0.5	0.5	1.5	3	4.5	5	2.5	0.5	0.5	0.5	0.1	0.1	0.1	0.1	0.2	0.2	0.2	0.2	0.2	0.1	0.1	0.1	0.006	0.006	0.006	0.006	0.012	0.062	0.123	0.185	0.215	0.215	0.006	0.006	0.034	0.034	0.034	0.034	0.067	0.335	0.67	1.005	1.173	1.173	0.034	0.034	2	100	0.5	0.5	0.2	Corn_Sweet
1815	0	25	60	0.5	0.5	0.5	0.5	1.5	3	4.5	5	2.5	0.5	0.5	0.5	0.1	0.1	0.1	0.1	0.2	0.2	0.2	0.2	0.2	0.1	0.1	0.1	0.006	0.006	0.006	0.006	0.012	0.062	0.123	0.185	0.215	0.215	0.006	0.006	0.034	0.034	0.034	0.034	0.067	0.335	0.67	1.005	1.173	1.173	0.034	0.034	2	100	0.5	0.5	0.2	Cucumber
1816	0	25	60	0.5	0.5	0.5	0.5	1.5	3	4.5	5	2.5	0.5	0.5	0.5	0.1	0.1	0.1	0.1	0.2	0.2	0.2	0.2	0.2	0.1	0.1	0.1	0.006	0.006	0.006	0.006	0.012	0.062	0.123	0.185	0.215	0.215	0.006	0.006	0.034	0.034	0.034	0.034	0.067	0.335	0.67	1.005	1.173	1.173	0.034	0.034	2	100	0.5	0.5	0.2	Kale
1817	0	25	60	0.5	0.5	0.5	0.5	1.5	3	4.5	5	2.5	0.5	0.5	0.5	0.1	0.1	0.1	0.1	0.2	0.2	0.2	0.2	0.2	0.1	0.1	0.1	0.006	0.006	0.006	0.006	0.012	0.062	0.123	0.185	0.215	0.215	0.006	0.006	0.034	0.034	0.034	0.034	0.067	0.335	0.67	1.005	1.173	1.173	0.034	0.034	2	100	0.5	0.5	0.2	Garlic
1819	0	25	60	0.5	0.5	0.5	0.5	1.5	3	4.5	5	2.5	0.5	0.5	0.5	0.1	0.1	0.1	0.1	0.2	0.2	0.2	0.2	0.2	0.1	0.1	0.1	0.006	0.006	0.006	0.006	0.012	0.062	0.123	0.185	0.215	0.215	0.006	0.006	0.034	0.034	0.034	0.034	0.067	0.335	0.67	1.005	1.173	1.173	0.034	0.034	2	100	0.5	0.5	0.2	Lentils
1820	0	25	60	0.5	0.5	0.5	0.5	1.5	3	4.5	5	2.5	0.5	0.5	0.5	0.1	0.1	0.1	0.1	0.2	0.2	0.2	0.2	0.2	0.1	0.1	0.1	0.006	0.006	0.006	0.006	0.012	0.062	0.123	0.185	0.215	0.215	0.006	0.006	0.034	0.034	0.034	0.034	0.067	0.335	0.67	1.005	1.173	1.173	0.034	0.034	2	100	0.5	0.5	0.2	Lettuce
1821	0	25	60	0.5	0.5	0.5	0.5	1.5	3	4.5	5	2.5	0.5	0.5	0.5	0.1	0.1	0.1	0.1	0.2	0.2	0.2	0.2	0.2	0.1	0.1	0.1	0.006	0.006	0.006	0.006	0.012	0.062	0.123	0.185	0.215	0.215	0.006	0.006	0.034	0.034	0.034	0.034	0.067	0.335	0.67	1.005	1.173	1.173	0.034	0.034	2	100	0.5	0.5	0.2	Market_Crops
1822	0	25	60	0.5	0.5	0.5	0.5	1.5	3	4.5	5	2.5	0.5	0.5	0.5	0.1	0.1	0.1	0.1	0.2	0.2	0.2	0.2	0.2	0.1	0.1	0.1	0.006	0.006	0.006	0.006	0.012	0.062	0.123	0.185	0.215	0.215	0.006	0.006	0.034	0.034	0.034	0.034	0.067	0.335	0.67	1.005	1.173	1.173	0.034	0.034	2	100	0.5	0.5	0.2	Onions
1824	0	25	60	0.5	0.5	0.5	0.5	1.5	3	4.5	5	2.5	0.5	0.5	0.5	0.1	0.1	0.1	0.1	0.2	0.2	0.2	0.2	0.2	0.1	0.1	0.1	0.006	0.006	0.006	0.006	0.012	0.062	0.123	0.185	0.215	0.215	0.006	0.006	0.034	0.034	0.034	0.034	0.067	0.335	0.67	1.005	1.173	1.173	0.034	0.034	2	100	0.5	0.5	0.2	Pea_Dry
1825	0	25	60	0.5	0.5	0.5	0.5	1.5	3	4.5	5	2.5	0.5	0.5	0.5	0.1	0.1	0.1	0.1	0.2	0.2	0.2	0.2	0.2	0.1	0.1	0.1	0.006	0.006	0.006	0.006	0.012	0.062	0.123	0.185	0.215	0.215	0.006	0.006	0.034	0.034	0.034	0.034	0.067	0.335	0.67	1.005	1.173	1.173	0.034	0.034	2	100	0.5	0.5	0.2	Pea_Green
1826	0	25	60	0.5	0.5	0.5	0.5	1.5	3	4.5	5	2.5	0.5	0.5	0.5	0.1	0.1	0.1	0.1	0.2	0.2	0.2	0.2	0.2	0.1	0.1	0.1	0.006	0.006	0.006	0.006	0.012	0.062	0.123	0.185	0.215	0.215	0.006	0.006	0.034	0.034	0.034	0.034	0.067	0.335	0.67	1.005	1.173	1.173	0.034	0.034	2	100	0.5	0.5	0.2	Pepper
1827	0	25	60	0.5	0.5	0.5	0.5	1.5	3	4.5	5	2.5	0.5	0.5	0.5	0.1	0.1	0.1	0.1	0.2	0.2	0.2	0.2	0.2	0.1	0.1	0.1	0.006	0.006	0.006	0.006	0.012	0.062	0.123	0.185	0.215	0.215	0.006	0.006	0.034	0.034	0.034	0.034	0.067	0.335	0.67	1.005	1.173	1.173	0.034	0.034	2	100	0.5	0.5	0.2	Potatoes
1828	0	25	60	0.5	0.5	0.5	0.5	1.5	3	4.5	5	2.5	0.5	0.5	0.5	0.1	0.1	0.1	0.1	0.2	0.2	0.2	0.2	0.2	0.1	0.1	0.1	0.006	0.006	0.006	0.006	0.012	0.062	0.123	0.185	0.215	0.215	0.006	0.006	0.034	0.034	0.034	0.034	0.067	0.335	0.67	1.005	1.173	1.173	0.034	0.034	2	100	0.5	0.5	0.2	Pumpkin
1829	0	25	60	0.5	0.5	0.5	0.5	1.5	3	4.5	5	2.5	0.5	0.5	0.5	0.1	0.1	0.1	0.1	0.2	0.2	0.2	0.2	0.2	0.1	0.1	0.1	0.006	0.006	0.006	0.006	0.012	0.062	0.123	0.185	0.215	0.215	0.006	0.006	0.034	0.034	0.034	0.034	0.067	0.335	0.67	1.005	1.173	1.173	0.034	0.034	2	100	0.5	0.5	0.2	Rhubarb
1830	0	25	60	0.5	0.5	0.5	0.5	1.5	3	4.5	5	2.5	0.5	0.5	0.5	0.1	0.1	0.1	0.1	0.2	0.2	0.2	0.2	0.2	0.1	0.1	0.1	0.006	0.006	0.006	0.006	0.012	0.062	0.123	0.185	0.215	0.215	0.006	0.006	0.034	0.034	0.034	0.034	0.067	0.335	0.67	1.005	1.173	1.173	0.034	0.034	2	100	0.5	0.5	0.2	Spinach
1831	0	25	60	0.5	0.5	0.5	0.5	1.5	3	4.5	5	2.5	0.5	0.5	0.5	0.1	0.1	0.1	0.1	0.2	0.2	0.2	0.2	0.2	0.1	0.1	0.1	0.006	0.006	0.006	0.006	0.012	0.062	0.123	0.185	0.215	0.215	0.006	0.006	0.034	0.034	0.034	0.034	0.067	0.335	0.67	1.005	1.173	1.173	0.034	0.034	2	100	0.5	0.5	0.2	Squash
1832	0	25	60	0.5	0.5	0.5	0.5	1.5	3	4.5	5	2.5	0.5	0.5	0.5	0.1	0.1	0.1	0.1	0.2	0.2	0.2	0.2	0.2	0.1	0.1	0.1	0.006	0.006	0.006	0.006	0.012	0.062	0.123	0.185	0.215	0.215	0.006	0.006	0.034	0.034	0.034	0.034	0.067	0.335	0.67	1.005	1.173	1.173	0.034	0.034	2	100	0.5	0.5	0.2	Sugar_beets
1834	0	25	60	0.5	0.5	0.5	0.5	1.5	3	4.5	5	2.5	0.5	0.5	0.5	0.1	0.1	0.1	0.1	0.2	0.2	0.2	0.2	0.2	0.1	0.1	0.1	0.006	0.006	0.006	0.006	0.012	0.062	0.123	0.185	0.215	0.215	0.006	0.006	0.034	0.034	0.034	0.034	0.067	0.335	0.67	1.005	1.173	1.173	0.034	0.034	2	100	0.5	0.5	0.2	Tomato
1835	0	25	60	0.5	0.5	0.5	0.5	1.5	3	4.5	5	2.5	0.5	0.5	0.5	0.1	0.1	0.1	0.1	0.2	0.2	0.2	0.2	0.2	0.1	0.1	0.1	0.006	0.006	0.006	0.006	0.012	0.062	0.123	0.185	0.215	0.215	0.006	0.006	0.034	0.034	0.034	0.034	0.067	0.335	0.67	1.005	1.173	1.173	0.034	0.034	2	100	0.5	0.5	0.2	Parsley
1836	0	25	60	0.5	0.5	0.5	0.5	1.5	3	4.5	5	2.5	0.5	0.5	0.5	0.1	0.1	0.1	0.1	0.2	0.2	0.2	0.2	0.2	0.1	0.1	0.1	0.006	0.006	0.006	0.006	0.012	0.062	0.123	0.185	0.215	0.215	0.006	0.006	0.034	0.034	0.034	0.034	0.067	0.335	0.67	1.005	1.173	1.173	0.034	0.034	2	100	0.5	0.5	0.2	Rutabaga
1839	0	25	60	0.5	0.5	0.5	0.5	1.5	3	4.5	5	2.5	0.5	0.5	0.5	0.1	0.1	0.1	0.1	0.2	0.2	0.2	0.2	0.2	0.1	0.1	0.1	0.006	0.006	0.006	0.006	0.012	0.062	0.123	0.185	0.215	0.215	0.006	0.006	0.034	0.034	0.034	0.034	0.067	0.335	0.67	1.005	1.173	1.173	0.034	0.034	2	100	0.5	0.5	0.2	Radish
1840	0	25	60	0.5	0.5	0.5	0.5	1.5	3	4.5	5	2.5	0.5	0.5	0.5	0.1	0.1	0.1	0.1	0.2	0.2	0.2	0.2	0.2	0.1	0.1	0.1	0.006	0.006	0.006	0.006	0.012	0.062	0.123	0.185	0.215	0.215	0.006	0.006	0.034	0.034	0.034	0.034	0.067	0.335	0.67	1.005	1.173	1.173	0.034	0.034	2	100	0.5	0.5	0.2	Peanut
1898	0	25	60	0.5	0.5	0.5	0.5	1.5	3	4.5	5	2.5	0.5	0.5	0.5	0.1	0.1	0.1	0.1	0.2	0.2	0.2	0.2	0.2	0.1	0.1	0.1	0.006	0.006	0.006	0.006	0.012	0.062	0.123	0.185	0.215	0.215	0.006	0.006	0.034	0.034	0.034	0.034	0.067	0.335	0.67	1.005	1.173	1.173	0.034	0.034	2	100	0.5	0.5	0.2	"Vegetable, Unknown"
1901	0	25	60	0.5	0.5	0.5	0.5	1.5	3	4.5	5	2.5	0.5	0.5	0.5	0.1	0.1	0.1	0.1	0.2	0.2	0.2	0.2	0.2	0.1	0.1	0.1	0.006	0.006	0.006	0.006	0.012	0.062	0.123	0.185	0.215	0.215	0.006	0.006	0.034	0.034	0.034	0.034	0.067	0.335	0.67	1.005	1.173	1.173	0.034	0.034	2	100	0.5	0.5	0.2	Dill
1902	0	25	60	0.5	0.5	0.5	0.5	1.5	3	4.5	5	2.5	0.5	0.5	0.5	0.1	0.1	0.1	0.1	0.2	0.2	0.2	0.2	0.2	0.1	0.1	0.1	0.006	0.006	0.006	0.006	0.012	0.062	0.123	0.185	0.215	0.215	0.006	0.006	0.034	0.034	0.034	0.034	0.067	0.335	0.67	1.005	1.173	1.173	0.034	0.034	2	100	0.5	0.5	0.2	Canola
1903	0	25	60	0.5	0.5	0.5	0.5	1.5	3	4.5	5	2.5	0.5	0.5	0.5	0.1	0.1	0.1	0.1	0.2	0.2	0.2	0.2	0.2	0.1	0.1	0.1	0.006	0.006	0.006	0.006	0.012	0.062	0.123	0.185	0.215	0.215	0.006	0.006	0.034	0.034	0.034	0.034	0.067	0.335	0.67	1.005	1.173	1.173	0.034	0.034	2	100	0.5	0.5	0.2	Flax
1904	0	25	60	0.5	0.5	0.5	0.5	1.5	3	4.5	5	2.5	0.5	0.5	0.5	0.1	0.1	0.1	0.1	0.2	0.2	0.2	0.2	0.2	0.1	0.1	0.1	0.006	0.006	0.006	0.006	0.012	0.062	0.123	0.185	0.215	0.215	0.006	0.006	0.034	0.034	0.034	0.034	0.067	0.335	0.67	1.005	1.173	1.173	0.034	0.034	2	100	0.5	0.5	0.2	Mustard
1905	0	25	60	0.5	0.5	0.5	0.5	1.5	3	4.5	5	2.5	0.5	0.5	0.5	0.1	0.1	0.1	0.1	0.2	0.2	0.2	0.2	0.2	0.1	0.1	0.1	0.006	0.006	0.006	0.006	0.012	0.062	0.123	0.185	0.215	0.215	0.006	0.006	0.034	0.034	0.034	0.034	0.067	0.335	0.67	1.005	1.173	1.173	0.034	0.034	2	100	0.5	0.5	0.2	Camelina
1906	0	25	60	0.5	0.5	0.5	0.5	1.5	3	4.5	5	2.5	0.5	0.5	0.5	0.1	0.1	0.1	0.1	0.2	0.2	0.2	0.2	0.2	0.1	0.1	0.1	0.006	0.006	0.006	0.006	0.012	0.062	0.123	0.185	0.215	0.215	0.006	0.006	0.034	0.034	0.034	0.034	0.067	0.335	0.67	1.005	1.173	1.173	0.034	0.034	2	100	0.5	0.5	0.2	Sunflower
1907	0	25	60	0.5	0.5	0.5	0.5	1.5	3	4.5	5	2.5	0.5	0.5	0.5	0.1	0.1	0.1	0.1	0.2	0.2	0.2	0.2	0.2	0.1	0.1	0.1	0.006	0.006	0.006	0.006	0.012	0.062	0.123	0.185	0.215	0.215	0.006	0.006	0.034	0.034	0.034	0.034	0.067	0.335	0.67	1.005	1.173	1.173	0.034	0.034	2	100	0.5	0.5	0.2	Soybeans
2001	0	25	60	0.5	0.5	0.5	0.5	1.5	3	4.5	5	2.5	0.5	0.5	0.5	0.1	0.1	0.1	0.1	0.2	0.2	0.2	0.2	0.2	0.1	0.1	0.1	0.006	0.006	0.006	0.006	0.012	0.062	0.123	0.185	0.215	0.215	0.006	0.006	0.034	0.034	0.034	0.034	0.067	0.335	0.67	1.005	1.173	1.173	0.034	0.034	2	100	0.5	0.5	0.2	Grape_Juice
2002	0	25	60	0.5	0.5	0.5	0.5	1.5	3	4.5	5	2.5	0.5	0.5	0.5	0.1	0.1	0.1	0.1	0.2	0.2	0.2	0.2	0.2	0.1	0.1	0.1	0.006	0.006	0.006	0.006	0.012	0.062	0.123	0.185	0.215	0.215	0.006	0.006	0.034	0.034	0.034	0.034	0.067	0.335	0.67	1.005	1.173	1.173	0.034	0.034	2	100	0.5	0.5	0.2	Grape_Wine
2098	0	25	60	0.5	0.5	0.5	0.5	1.5	3	4.5	5	2.5	0.5	0.5	0.5	0.1	0.1	0.1	0.1	0.2	0.2	0.2	0.2	0.2	0.1	0.1	0.1	0.006	0.006	0.006	0.006	0.012	0.062	0.123	0.185	0.215	0.215	0.006	0.006	0.034	0.034	0.034	0.034	0.067	0.335	0.67	1.005	1.173	1.173	0.034	0.034	2	100	0.5	0.5	0.2	Grape_Unknown
2101	0	25	60	0.5	0.5	0.5	0.5	1.5	3	4.5	5	2.5	0.5	0.5	0.5	0.1	0.1	0.1	0.1	0.2	0.2	0.2	0.2	0.2	0.1	0.1	0.1	0.006	0.006	0.006	0.006	0.012	0.062	0.123	0.185	0.215	0.215	0.006	0.006	0.034	0.034	0.034	0.034	0.067	0.335	0.67	1.005	1.173	1.173	0.034	0.034	2	100	0.5	0.5	0.2	Pecans
2102	0	25	60	0.5	0.5	0.5	0.5	1.5	3	4.5	5	2.5	0.5	0.5	0.5	0.1	0.1	0.1	0.1	0.2	0.2	0.2	0.2	0.2	0.1	0.1	0.1	0.006	0.006	0.006	0.006	0.012	0.062	0.123	0.185	0.215	0.215	0.006	0.006	0.034	0.034	0.034	0.034	0.067	0.335	0.67	1.005	1.173	1.173	0.034	0.034	2	100	0.5	0.5	0.2	Almonds
2103	0	25	60	0.5	0.5	0.5	0.5	1.5	3	4.5	5	2.5	0.5	0.5	0.5	0.1	0.1	0.1	0.1	0.2	0.2	0.2	0.2	0.2	0.1	0.1	0.1	0.006	0.006	0.006	0.006	0.012	0.062	0.123	0.185	0.215	0.215	0.006	0.006	0.034	0.034	0.034	0.034	0.067	0.335	0.67	1.005	1.173	1.173	0.034	0.034	2	100	0.5	0.5	0.2	Pistachios
2104	0	25	60	0.5	0.5	0.5	0.5	1.5	3	4.5	5	2.5	0.5	0.5	0.5	0.1	0.1	0.1	0.1	0.2	0.2	0.2	0.2	0.2	0.1	0.1	0.1	0.006	0.006	0.006	0.006	0.012	0.062	0.123	0.185	0.215	0.215	0.006	0.006	0.034	0.034	0.034	0.034	0.067	0.335	0.67	1.005	1.173	1.173	0.034	0.034	2	100	0.5	0.5	0.2	Prunes
2105	0	25	60	0.5	0.5	0.5	0.5	1.5	3	4.5	5	2.5	0.5	0.5	0.5	0.1	0.1	0.1	0.1	0.2	0.2	0.2	0.2	0.2	0.1	0.1	0.1	0.006	0.006	0.006	0.006	0.012	0.062	0.123	0.185	0.215	0.215	0.006	0.006	0.034	0.034	0.034	0.034	0.067	0.335	0.67	1.005	1.173	1.173	0.034	0.034	2	100	0.5	0.5	0.2	Olives
2106	0	25	60	0.5	0.5	0.5	0.5	1.5	3	4.5	5	2.5	0.5	0.5	0.5	0.1	0.1	0.1	0.1	0.2	0.2	0.2	0.2	0.2	0.1	0.1	0.1	0.006	0.006	0.006	0.006	0.012	0.062	0.123	0.185	0.215	0.215	0.006	0.006	0.034	0.034	0.034	0.034	0.067	0.335	0.67	1.005	1.173	1.173	0.034	0.034	2	100	0.5	0.5	0.2	Oranges
2107	0	25	60	0.5	0.5	0.5	0.5	1.5	3	4.5	5	2.5	0.5	0.5	0.5	0.1	0.1	0.1	0.1	0.2	0.2	0.2	0.2	0.2	0.1	0.1	0.1	0.006	0.006	0.006	0.006	0.012	0.062	0.123	0.185	0.215	0.215	0.006	0.006	0.034	0.034	0.034	0.034	0.067	0.335	0.67	1.005	1.173	1.173	0.034	0.034	2	100	0.5	0.5	0.2	Pomegranates
2201	0	25	60	0.5	0.5	0.5	0.5	1.5	3	4.5	5	2.5	0.5	0.5	0.5	0.1	0.1	0.1	0.1	0.2	0.2	0.2	0.2	0.2	0.1	0.1	0.1	0.006	0.006	0.006	0.006	0.012	0.062	0.123	0.185	0.215	0.215	0.006	0.006	0.034	0.034	0.034	0.034	0.067	0.335	0.67	1.005	1.173	1.173	0.034	0.034	2	100	0.5	0.5	0.2	Cotton
2202	0	25	60	0.5	0.5	0.5	0.5	1.5	3	4.5	5	2.5	0.5	0.5	0.5	0.1	0.1	0.1	0.1	0.2	0.2	0.2	0.2	0.2	0.1	0.1	0.1	0.006	0.006	0.006	0.006	0.012	0.062	0.123	0.185	0.215	0.215	0.006	0.006	0.034	0.034	0.034	0.034	0.067	0.335	0.67	1.005	1.173	1.173	0.034	0.034	2	100	0.5	0.5	0.2	Rice
2203	0	25	60	0.5	0.5	0.5	0.5	1.5	3	4.5	5	2.5	0.5	0.5	0.5	0.1	0.1	0.1	0.1	0.2	0.2	0.2	0.2	0.2	0.1	0.1	0.1	0.006	0.006	0.006	0.006	0.012	0.062	0.123	0.185	0.215	0.215	0.006	0.006	0.034	0.034	0.034	0.034	0.067	0.335	0.67	1.005	1.173	1.173	0.034	0.034	2	100	0.5	0.5	0.2	Millet
2204	0	25	60	0.5	0.5	0.5	0.5	1.5	3	4.5	5	2.5	0.5	0.5	0.5	0.1	0.1	0.1	0.1	0.2	0.2	0.2	0.2	0.2	0.1	0.1	0.1	0.006	0.006	0.006	0.006	0.012	0.062	0.123	0.185	0.215	0.215	0.006	0.006	0.034	0.034	0.034	0.034	0.067	0.335	0.67	1.005	1.173	1.173	0.034	0.034	2	100	0.5	0.5	0.2	Speltz
2205	0	25	60	0.5	0.5	0.5	0.5	1.5	3	4.5	5	2.5	0.5	0.5	0.5	0.1	0.1	0.1	0.1	0.2	0.2	0.2	0.2	0.2	0.1	0.1	0.1	0.006	0.006	0.006	0.006	0.012	0.062	0.123	0.185	0.215	0.215	0.006	0.006	0.034	0.034	0.034	0.034	0.067	0.335	0.67	1.005	1.173	1.173	0.034	0.034	2	100	0.5	0.5	0.2	Rape Seed
2206	0	25	60	0.5	0.5	0.5	0.5	1.5	3	4.5	5	2.5	0.5	0.5	0.5	0.1	0.1	0.1	0.1	0.2	0.2	0.2	0.2	0.2	0.1	0.1	0.1	0.006	0.006	0.006	0.006	0.012	0.062	0.123	0.185	0.215	0.215	0.006	0.006	0.034	0.034	0.034	0.034	0.067	0.335	0.67	1.005	1.173	1.173	0.034	0.034	2	100	0.5	0.5	0.2	Sugarcane
2207	0	25	60	0.5	0.5	0.5	0.5	1.5	3	4.5	5	2.5	0.5	0.5	0.5	0.1	0.1	0.1	0.1	0.2	0.2	0.2	0.2	0.2	0.1	0.1	0.1	0.006	0.006	0.006	0.006	0.012	0.062	0.123	0.185	0.215	0.215	0.006	0.006	0.034	0.034	0.034	0.034	0.067	0.335	0.67	1.005	1.173	1.173	0.034	0.034	2	100	0.5	0.5	0.2	Greens
2208	0	25	60	0.5	0.5	0.5	0.5	1.5	3	4.5	5	2.5	0.5	0.5	0.5	0.1	0.1	0.1	0.1	0.2	0.2	0.2	0.2	0.2	0.1	0.1	0.1	0.006	0.006	0.006	0.006	0.012	0.062	0.123	0.185	0.215	0.215	0.006	0.006	0.034	0.034	0.034	0.034	0.067	0.335	0.67	1.005	1.173	1.173	0.034	0.034	2	100	0.5	0.5	0.2	Turnips
2209	0	25	60	0.5	0.5	0.5	0.5	1.5	3	4.5	5	2.5	0.5	0.5	0.5	0.1	0.1	0.1	0.1	0.2	0.2	0.2	0.2	0.2	0.1	0.1	0.1	0.006	0.006	0.006	0.006	0.012	0.062	0.123	0.185	0.215	0.215	0.006	0.006	0.034	0.034	0.034	0.034	0.067	0.335	0.67	1.005	1.173	1.173	0.034	0.034	2	100	0.5	0.5	0.2	Gourds
3001	0	25	60	0.5	0.5	0.5	0.5	1.5	3	4.5	5	2.5	0.5	0.5	0.5	0.1	0.1	0.1	0.1	0.2	0.2	0.2	0.2	0.2	0.1	0.1	0.1	0.006	0.006	0.006	0.006	0.012	0.062	0.123	0.185	0.215	0.215	0.006	0.006	0.034	0.034	0.034	0.034	0.067	0.335	0.67	1.005	1.173	1.173	0.034	0.034	2	100	0.5	0.5	0.2	AEZ1_SW_SP_WW
3002	0	25	60	0.5	0.5	0.5	0.5	1.5	3	4.5	5	2.5	0.5	0.5	0.5	0.1	0.1	0.1	0.1	0.2	0.2	0.2	0.2	0.2	0.1	0.1	0.1	0.006	0.006	0.006	0.006	0.012	0.062	0.123	0.185	0.215	0.215	0.006	0.006	0.034	0.034	0.034	0.034	0.067	0.335	0.67	1.005	1.173	1.173	0.034	0.034	2	100	0.5	0.5	0.2	AEZ2_SF_WW_SW
3003	0	25	60	0.5	0.5	0.5	0.5	1.5	3	4.5	5	2.5	0.5	0.5	0.5	0.1	0.1	0.1	0.1	0.2	0.2	0.2	0.2	0.2	0.1	0.1	0.1	0.006	0.006	0.006	0.006	0.012	0.062	0.123	0.185	0.215	0.215	0.006	0.006	0.034	0.034	0.034	0.034	0.067	0.335	0.67	1.005	1.173	1.173	0.034	0.034	2	100	0.5	0.5	0.2	AEZ3_SF_WW
3005	0	25	60	0.5	0.5	0.5	0.5	1.5	3	4.5	5	2.5	0.5	0.5	0.5	0.1	0.1	0.1	0.1	0.2	0.2	0.2	0.2	0.2	0.1	0.1	0.1	0.006	0.006	0.006	0.006	0.012	0.062	0.123	0.185	0.215	0.215	0.006	0.006	0.034	0.034	0.034	0.034	0.067	0.335	0.67	1.005	1.173	1.173	0.034	0.034	2	100	0.5	0.5	0.2	AEZ3_SF_WW
4001	0	25	60	0.5	0.5	0.5	0.5	1.5	3	4.5	5	2.5	0.5	0.5	0.5	0.1	0.1	0.1	0.1	0.2	0.2	0.2	0.2	0.2	0.1	0.1	0.1	0.006	0.006	0.006	0.006	0.012	0.062	0.123	0.185	0.215	0.215	0.006	0.006	0.034	0.034	0.034	0.034	0.067	0.335	0.67	1.005	1.173	1.173	0.034	0.034	2	100	0.5	0.5	0.2	P_WW_C
4002	0	25	60	0.5	0.5	0.5	0.5	1.5	3	4.5	5	2.5	0.5	0.5	0.5	0.1	0.1	0.1	0.1	0.2	0.2	0.2	0.2	0.2	0.1	0.1	0.1	0.006	0.006	0.006	0.006	0.012	0.062	0.123	0.185	0.215	0.215	0.006	0.006	0.034	0.034	0.034	0.034	0.067	0.335	0.67	1.005	1.173	1.173	0.034	0.034	2	100	0.5	0.5	0.2	P-Sugarbeet-Corn_Grain
4003	0	25	60	0.5	0.5	0.5	0.5	1.5	3	4.5	5	2.5	0.5	0.5	0.5	0.1	0.1	0.1	0.1	0.2	0.2	0.2	0.2	0.2	0.1	0.1	0.1	0.006	0.006	0.006	0.006	0.012	0.062	0.123	0.185	0.215	0.215	0.006	0.006	0.034	0.034	0.034	0.034	0.067	0.335	0.67	1.005	1.173	1.173	0.034	0.034	2	100	0.5	0.5	0.2	Corn_Alfalfa
4004	0	25	60	0.5	0.5	0.5	0.5	1.5	3	4.5	5	2.5	0.5	0.5	0.5	0.1	0.1	0.1	0.1	0.2	0.2	0.2	0.2	0.2	0.1	0.1	0.1	0.006	0.006	0.006	0.006	0.012	0.062	0.123	0.185	0.215	0.215	0.006	0.006	0.034	0.034	0.034	0.034	0.067	0.335	0.67	1.005	1.173	1.173	0.034	0.034	2	100	0.5	0.5	0.2	Potato_single_crop
4005	0	25	60	0.5	0.5	0.5	0.5	1.5	3	4.5	5	2.5	0.5	0.5	0.5	0.1	0.1	0.1	0.1	0.2	0.2	0.2	0.2	0.2	0.1	0.1	0.1	0.006	0.006	0.006	0.006	0.012	0.062	0.123	0.185	0.215	0.215	0.006	0.006	0.034	0.034	0.034	0.034	0.067	0.335	0.67	1.005	1.173	1.173	0.034	0.034	2	100	0.5	0.5	0.2	WinWheat_single_crop
4006	0	25	60	0	0	0	0	0	0	0	0	0	0	0	0	0.1	0.1	0.1	0.1	0.2	0.2	0.2	0.2	0.2	0.1	0.1	0.1	0.006	0.006	0.006	0.006	0.012	0.062	0.123	0.185	0.215	0.215	0.006	0.006	0.034	0.034	0.034	0.034	0.067	0.335	0.67	1.005	1.173	1.173	0.034	0.034	2	100	0.5	0.5	0.2	SpgWheat_single_crop
4007	0	25	60	0.5	0.5	0.5	0.5	1.5	3	4.5	5	2.5	0.5	0.5	0.5	0.1	0.1	0.1	0.1	0.2	0.2	0.2	0.2	0.2	0.1	0.1	0.1	0.006	0.006	0.006	0.006	0.012	0.062	0.123	0.185	0.215	0.215	0.006	0.006	0.034	0.034	0.034	0.034	0.067	0.335	0.67	1.005	1.173	1.173	0.034	0.034	2	100	0.5	0.5	0.2	Corn_single_crop
4008	0	25	60	0.5	0.5	0.5	0.5	1.5	3	4.5	5	2.5	0.5	0.5	0.5	0.1	0.1	0.1	0.1	0.2	0.2	0.2	0.2	0.2	0.1	0.1	0.1	0.006	0.006	0.006	0.006	0.012	0.062	0.123	0.185	0.215	0.215	0.006	0.006	0.034	0.034	0.034	0.034	0.067	0.335	0.67	1.005	1.173	1.173	0.034	0.034	2	100	0.5	0.5	0.2	Corn_Sweet_single_crop
4009	0	25	60	0.5	0.5	0.5	0.5	1.5	3	4.5	5	2.5	0.5	0.5	0.5	0.1	0.1	0.1	0.1	0.2	0.2	0.2	0.2	0.2	0.1	0.1	0.1	0.006	0.006	0.006	0.006	0.012	0.062	0.123	0.185	0.215	0.215	0.006	0.006	0.034	0.034	0.034	0.034	0.067	0.335	0.67	1.005	1.173	1.173	0.034	0.034	2	100	0.5	0.5	0.2	Pea_Green_single_crop
4010	0	25	60	0.5	0.5	0.5	0.5	1.5	3	4.5	5	2.5	0.5	0.5	0.5	0.1	0.1	0.1	0.1	0.2	0.2	0.2	0.2	0.2	0.1	0.1	0.1	0.006	0.006	0.006	0.006	0.012	0.062	0.123	0.185	0.215	0.215	0.006	0.006	0.034	0.034	0.034	0.034	0.067	0.335	0.67	1.005	1.173	1.173	0.034	0.034	2	100	0.5	0.5	0.2	Bean_Dry_single_crop
4011	0	25	60	0.5	0.5	0.5	0.5	1.5	3	4.5	5	2.5	0.5	0.5	0.5	0.1	0.1	0.1	0.1	0.2	0.2	0.2	0.2	0.2	0.1	0.1	0.1	0.006	0.006	0.006	0.006	0.012	0.062	0.123	0.185	0.215	0.215	0.006	0.006	0.034	0.034	0.034	0.034	0.067	0.335	0.67	1.005	1.173	1.173	0.034	0.034	2	100	0.5	0.5	0.2	Barley_single_crop
4100	0	25	60	0.5	0.5	0.5	0.5	1.5	3	4.5	5	2.5	0.5	0.5	0.5	0.1	0.1	0.1	0.1	0.2	0.2	0.2	0.2	0.2	0.1	0.1	0.1	0.006	0.006	0.006	0.006	0.012	0.062	0.123	0.185	0.215	0.215	0.006	0.006	0.034	0.034	0.034	0.034	0.067	0.335	0.67	1.005	1.173	1.173	0.034	0.034	2	100	0.5	0.5	0.2	Onions_single_crop
4101	0	25	60	0.5	0.5	0.5	0.5	1.5	3	4.5	5	2.5	0.5	0.5	0.5	0.1	0.1	0.1	0.1	0.2	0.2	0.2	0.2	0.2	0.1	0.1	0.1	0.006	0.006	0.006	0.006	0.012	0.062	0.123	0.185	0.215	0.215	0.006	0.006	0.034	0.034	0.034	0.034	0.067	0.335	0.67	1.005	1.173	1.173	0.034	0.034	2	100	0.5	0.5	0.2	Canola_single_crop
4102	0	25	60	0.5	0.5	0.5	0.5	1.5	3	4.5	5	2.5	0.5	0.5	0.5	0.1	0.1	0.1	0.1	0.2	0.2	0.2	0.2	0.2	0.1	0.1	0.1	0.006	0.006	0.006	0.006	0.012	0.062	0.123	0.185	0.215	0.215	0.006	0.006	0.034	0.034	0.034	0.034	0.067	0.335	0.67	1.005	1.173	1.173	0.034	0.034	2	100	0.5	0.5	0.2	Carrots_single_crop
5701	0	25	60	0.5	0.5	0.5	0.5	1.5	3	4.5	5	2.5	0.5	0.5	0.5	0.1	0.1	0.1	0.1	0.2	0.2	0.2	0.2	0.2	0.1	0.1	0.1	0.006	0.006	0.006	0.006	0.012	0.062	0.123	0.185	0.215	0.215	0.006	0.006	0.034	0.034	0.034	0.034	0.067	0.335	0.67	1.005	1.173	1.173	0.034	0.034	2	100	0.5	0.5	0.2	Alfalfa_Hay
