315608 1
    4004 1.0 0.1 0.1 0.75 0.6 0.5 0.3
315621 1
    4004 1.0 0.1 0.1 0.75 0.6 0.5 0.3
315622 1
    4004 1.0 0.1 0.1 0.75 0.6 0.5 0.3
314677 1
    4004 1.0 0.1 0.1 0.75 0.6 0.5 0.3
314678 1
    4004 1.0 0.1 0.1 0.75 0.6 0.5 0.3
314679 1
    4004 1.0 0.1 0.1 0.75 0.6 0.5 0.3
314680 1
    4004 1.0 0.1 0.1 0.75 0.6 0.5 0.3
314681 1
    4004 1.0 0.1 0.1 0.75 0.6 0.5 0.3
314688 1
    4004 1.0 0.1 0.1 0.75 0.6 0.5 0.3
314689 1
    4004 1.0 0.1 0.1 0.75 0.6 0.5 0.3
314690 1
    4004 1.0 0.1 0.1 0.75 0.6 0.5 0.3
314691 1
    4004 1.0 0.1 0.1 0.75 0.6 0.5 0.3
314692 1
    4004 1.0 0.1 0.1 0.75 0.6 0.5 0.3
314693 1
    4004 1.0 0.1 0.1 0.75 0.6 0.5 0.3
314694 1
    4004 1.0 0.1 0.1 0.75 0.6 0.5 0.3
313745 1
    4004 1.0 0.1 0.1 0.75 0.6 0.5 0.3
313746 1
    4004 1.0 0.1 0.1 0.75 0.6 0.5 0.3
313747 1
    4004 1.0 0.1 0.1 0.75 0.6 0.5 0.3
313748 1
    4004 1.0 0.1 0.1 0.75 0.6 0.5 0.3
313749 1
    4004 1.0 0.1 0.1 0.75 0.6 0.5 0.3
313750 1
    4004 1.0 0.1 0.1 0.75 0.6 0.5 0.3
313751 1
    4004 1.0 0.1 0.1 0.75 0.6 0.5 0.3
313752 1
    4004 1.0 0.1 0.1 0.75 0.6 0.5 0.3
313753 1
    4004 1.0 0.1 0.1 0.75 0.6 0.5 0.3
313754 1
    4004 1.0 0.1 0.1 0.75 0.6 0.5 0.3
313755 1
    4004 1.0 0.1 0.1 0.75 0.6 0.5 0.3
313758 1
    4004 1.0 0.1 0.1 0.75 0.6 0.5 0.3
313759 1
    4004 1.0 0.1 0.1 0.75 0.6 0.5 0.3
313760 1
    4004 1.0 0.1 0.1 0.75 0.6 0.5 0.3
313761 1
    4004 1.0 0.1 0.1 0.75 0.6 0.5 0.3
313762 1
    4004 1.0 0.1 0.1 0.75 0.6 0.5 0.3
313763 1
    4004 1.0 0.1 0.1 0.75 0.6 0.5 0.3
313764 1
    4004 1.0 0.1 0.1 0.75 0.6 0.5 0.3
313765 1
    4004 1.0 0.1 0.1 0.75 0.6 0.5 0.3
313766 1
    4004 1.0 0.1 0.1 0.75 0.6 0.5 0.3
312812 1
    4004 1.0 0.1 0.1 0.75 0.6 0.5 0.3
312813 1
    4004 1.0 0.1 0.1 0.75 0.6 0.5 0.3
312814 1
    4004 1.0 0.1 0.1 0.75 0.6 0.5 0.3
312815 1
    4004 1.0 0.1 0.1 0.75 0.6 0.5 0.3
312816 1
    4004 1.0 0.1 0.1 0.75 0.6 0.5 0.3
312817 1
    4004 1.0 0.1 0.1 0.75 0.6 0.5 0.3
312818 1
    4004 1.0 0.1 0.1 0.75 0.6 0.5 0.3
312819 1
    4004 1.0 0.1 0.1 0.75 0.6 0.5 0.3
312820 1
    4004 1.0 0.1 0.1 0.75 0.6 0.5 0.3
312821 1
    4004 1.0 0.1 0.1 0.75 0.6 0.5 0.3
312822 1
    4004 1.0 0.1 0.1 0.75 0.6 0.5 0.3
312823 1
    4004 1.0 0.1 0.1 0.75 0.6 0.5 0.3
312824 1
    4004 1.0 0.1 0.1 0.75 0.6 0.5 0.3
312825 1
    4004 1.0 0.1 0.1 0.75 0.6 0.5 0.3
312826 1
    4004 1.0 0.1 0.1 0.75 0.6 0.5 0.3
312827 1
    4004 1.0 0.1 0.1 0.75 0.6 0.5 0.3
312828 1
    4004 1.0 0.1 0.1 0.75 0.6 0.5 0.3
312829 1
    4004 1.0 0.1 0.1 0.75 0.6 0.5 0.3
312830 1
    4004 1.0 0.1 0.1 0.75 0.6 0.5 0.3
312831 1
    4004 1.0 0.1 0.1 0.75 0.6 0.5 0.3
312832 1
    4004 1.0 0.1 0.1 0.75 0.6 0.5 0.3
312833 1
    4004 1.0 0.1 0.1 0.75 0.6 0.5 0.3
312834 1
    4004 1.0 0.1 0.1 0.75 0.6 0.5 0.3
312835 1
    4004 1.0 0.1 0.1 0.75 0.6 0.5 0.3
312836 1
    4004 1.0 0.1 0.1 0.75 0.6 0.5 0.3
311881 1
    4004 1.0 0.1 0.1 0.75 0.6 0.5 0.3
311882 1
    4004 1.0 0.1 0.1 0.75 0.6 0.5 0.3
311883 1
    4004 1.0 0.1 0.1 0.75 0.6 0.5 0.3
311884 1
    4004 1.0 0.1 0.1 0.75 0.6 0.5 0.3
311885 1
    4004 1.0 0.1 0.1 0.75 0.6 0.5 0.3
311886 1
    4004 1.0 0.1 0.1 0.75 0.6 0.5 0.3
311887 1
    4004 1.0 0.1 0.1 0.75 0.6 0.5 0.3
311888 1
    4004 1.0 0.1 0.1 0.75 0.6 0.5 0.3
311889 1
    4004 1.0 0.1 0.1 0.75 0.6 0.5 0.3
311890 1
    4004 1.0 0.1 0.1 0.75 0.6 0.5 0.3
311891 1
    4004 1.0 0.1 0.1 0.75 0.6 0.5 0.3
311892 1
    4004 1.0 0.1 0.1 0.75 0.6 0.5 0.3
311893 1
    4004 1.0 0.1 0.1 0.75 0.6 0.5 0.3
311894 1
    4004 1.0 0.1 0.1 0.75 0.6 0.5 0.3
311895 1
    4004 1.0 0.1 0.1 0.75 0.6 0.5 0.3
311896 1
    4004 1.0 0.1 0.1 0.75 0.6 0.5 0.3
311897 1
    4004 1.0 0.1 0.1 0.75 0.6 0.5 0.3
311898 1
    4004 1.0 0.1 0.1 0.75 0.6 0.5 0.3
311899 1
    4004 1.0 0.1 0.1 0.75 0.6 0.5 0.3
311900 1
    4004 1.0 0.1 0.1 0.75 0.6 0.5 0.3
311901 1
    4004 1.0 0.1 0.1 0.75 0.6 0.5 0.3
311902 1
    4004 1.0 0.1 0.1 0.75 0.6 0.5 0.3
311903 1
    4004 1.0 0.1 0.1 0.75 0.6 0.5 0.3
311904 1
    4004 1.0 0.1 0.1 0.75 0.6 0.5 0.3
311905 1
    4004 1.0 0.1 0.1 0.75 0.6 0.5 0.3
311906 1
    4004 1.0 0.1 0.1 0.75 0.6 0.5 0.3
311907 1
    4004 1.0 0.1 0.1 0.75 0.6 0.5 0.3
311908 1
    4004 1.0 0.1 0.1 0.75 0.6 0.5 0.3
311909 1
    4004 1.0 0.1 0.1 0.75 0.6 0.5 0.3
311910 1
    4004 1.0 0.1 0.1 0.75 0.6 0.5 0.3
311911 1
    4004 1.0 0.1 0.1 0.75 0.6 0.5 0.3
311912 1
    4004 1.0 0.1 0.1 0.75 0.6 0.5 0.3
311913 1
    4004 1.0 0.1 0.1 0.75 0.6 0.5 0.3
311914 1
    4004 1.0 0.1 0.1 0.75 0.6 0.5 0.3
311915 1
    4004 1.0 0.1 0.1 0.75 0.6 0.5 0.3
311916 1
    4004 1.0 0.1 0.1 0.75 0.6 0.5 0.3
311917 1
    4004 1.0 0.1 0.1 0.75 0.6 0.5 0.3
310950 1
    4004 1.0 0.1 0.1 0.75 0.6 0.5 0.3
310951 1
    4004 1.0 0.1 0.1 0.75 0.6 0.5 0.3
310952 1
    4004 1.0 0.1 0.1 0.75 0.6 0.5 0.3
310953 1
    4004 1.0 0.1 0.1 0.75 0.6 0.5 0.3
310954 1
    4004 1.0 0.1 0.1 0.75 0.6 0.5 0.3
310955 1
    4004 1.0 0.1 0.1 0.75 0.6 0.5 0.3
310956 1
    4004 1.0 0.1 0.1 0.75 0.6 0.5 0.3
310957 1
    4004 1.0 0.1 0.1 0.75 0.6 0.5 0.3
310958 1
    4004 1.0 0.1 0.1 0.75 0.6 0.5 0.3
310959 1
    4004 1.0 0.1 0.1 0.75 0.6 0.5 0.3
310960 1
    4004 1.0 0.1 0.1 0.75 0.6 0.5 0.3
310961 1
    4004 1.0 0.1 0.1 0.75 0.6 0.5 0.3
310962 1
    4004 1.0 0.1 0.1 0.75 0.6 0.5 0.3
310963 1
    4004 1.0 0.1 0.1 0.75 0.6 0.5 0.3
310964 1
    4004 1.0 0.1 0.1 0.75 0.6 0.5 0.3
310965 1
    4004 1.0 0.1 0.1 0.75 0.6 0.5 0.3
310966 1
    4004 1.0 0.1 0.1 0.75 0.6 0.5 0.3
310967 1
    4004 1.0 0.1 0.1 0.75 0.6 0.5 0.3
310968 1
    4004 1.0 0.1 0.1 0.75 0.6 0.5 0.3
310969 1
    4004 1.0 0.1 0.1 0.75 0.6 0.5 0.3
310970 1
    4004 1.0 0.1 0.1 0.75 0.6 0.5 0.3
310971 1
    4004 1.0 0.1 0.1 0.75 0.6 0.5 0.3
310972 1
    4004 1.0 0.1 0.1 0.75 0.6 0.5 0.3
310973 1
    4004 1.0 0.1 0.1 0.75 0.6 0.5 0.3
310974 1
    4004 1.0 0.1 0.1 0.75 0.6 0.5 0.3
310975 1
    4004 1.0 0.1 0.1 0.75 0.6 0.5 0.3
310976 1
    4004 1.0 0.1 0.1 0.75 0.6 0.5 0.3
310977 1
    4004 1.0 0.1 0.1 0.75 0.6 0.5 0.3
310978 1
    4004 1.0 0.1 0.1 0.75 0.6 0.5 0.3
310979 1
    4004 1.0 0.1 0.1 0.75 0.6 0.5 0.3
310980 1
    4004 1.0 0.1 0.1 0.75 0.6 0.5 0.3
310981 1
    4004 1.0 0.1 0.1 0.75 0.6 0.5 0.3
310982 1
    4004 1.0 0.1 0.1 0.75 0.6 0.5 0.3
310983 1
    4004 1.0 0.1 0.1 0.75 0.6 0.5 0.3
310984 1
    4004 1.0 0.1 0.1 0.75 0.6 0.5 0.3
310985 1
    4004 1.0 0.1 0.1 0.75 0.6 0.5 0.3
310986 1
    4004 1.0 0.1 0.1 0.75 0.6 0.5 0.3
310987 1
    4004 1.0 0.1 0.1 0.75 0.6 0.5 0.3
310988 1
    4004 1.0 0.1 0.1 0.75 0.6 0.5 0.3
310989 1
    4004 1.0 0.1 0.1 0.75 0.6 0.5 0.3
310990 1
    4004 1.0 0.1 0.1 0.75 0.6 0.5 0.3
310991 1
    4004 1.0 0.1 0.1 0.75 0.6 0.5 0.3
310992 1
    4004 1.0 0.1 0.1 0.75 0.6 0.5 0.3
310993 1
    4004 1.0 0.1 0.1 0.75 0.6 0.5 0.3
310022 1
    4004 1.0 0.1 0.1 0.75 0.6 0.5 0.3
310023 1
    4004 1.0 0.1 0.1 0.75 0.6 0.5 0.3
310024 1
    4004 1.0 0.1 0.1 0.75 0.6 0.5 0.3
310025 1
    4004 1.0 0.1 0.1 0.75 0.6 0.5 0.3
310026 1
    4004 1.0 0.1 0.1 0.75 0.6 0.5 0.3
310027 1
    4004 1.0 0.1 0.1 0.75 0.6 0.5 0.3
310028 1
    4004 1.0 0.1 0.1 0.75 0.6 0.5 0.3
310029 1
    4004 1.0 0.1 0.1 0.75 0.6 0.5 0.3
310030 1
    4004 1.0 0.1 0.1 0.75 0.6 0.5 0.3
310031 1
    4004 1.0 0.1 0.1 0.75 0.6 0.5 0.3
310032 1
    4004 1.0 0.1 0.1 0.75 0.6 0.5 0.3
310033 1
    4004 1.0 0.1 0.1 0.75 0.6 0.5 0.3
310034 1
    4004 1.0 0.1 0.1 0.75 0.6 0.5 0.3
310035 1
    4004 1.0 0.1 0.1 0.75 0.6 0.5 0.3
310036 1
    4004 1.0 0.1 0.1 0.75 0.6 0.5 0.3
310037 1
    4004 1.0 0.1 0.1 0.75 0.6 0.5 0.3
310038 1
    4004 1.0 0.1 0.1 0.75 0.6 0.5 0.3
310039 1
    4004 1.0 0.1 0.1 0.75 0.6 0.5 0.3
310040 1
    4004 1.0 0.1 0.1 0.75 0.6 0.5 0.3
310041 1
    4004 1.0 0.1 0.1 0.75 0.6 0.5 0.3
310042 1
    4004 1.0 0.1 0.1 0.75 0.6 0.5 0.3
310043 1
    4004 1.0 0.1 0.1 0.75 0.6 0.5 0.3
310044 1
    4004 1.0 0.1 0.1 0.75 0.6 0.5 0.3
310045 1
    4004 1.0 0.1 0.1 0.75 0.6 0.5 0.3
310046 1
    4004 1.0 0.1 0.1 0.75 0.6 0.5 0.3
310047 1
    4004 1.0 0.1 0.1 0.75 0.6 0.5 0.3
310048 1
    4004 1.0 0.1 0.1 0.75 0.6 0.5 0.3
310049 1
    4004 1.0 0.1 0.1 0.75 0.6 0.5 0.3
310050 1
    4004 1.0 0.1 0.1 0.75 0.6 0.5 0.3
310051 1
    4004 1.0 0.1 0.1 0.75 0.6 0.5 0.3
310052 1
    4004 1.0 0.1 0.1 0.75 0.6 0.5 0.3
310053 1
    4004 1.0 0.1 0.1 0.75 0.6 0.5 0.3
310054 1
    4004 1.0 0.1 0.1 0.75 0.6 0.5 0.3
310055 1
    4004 1.0 0.1 0.1 0.75 0.6 0.5 0.3
310056 1
    4004 1.0 0.1 0.1 0.75 0.6 0.5 0.3
310057 1
    4004 1.0 0.1 0.1 0.75 0.6 0.5 0.3
310058 1
    4004 1.0 0.1 0.1 0.75 0.6 0.5 0.3
310059 1
    4004 1.0 0.1 0.1 0.75 0.6 0.5 0.3
310060 1
    4004 1.0 0.1 0.1 0.75 0.6 0.5 0.3
310061 1
    4004 1.0 0.1 0.1 0.75 0.6 0.5 0.3
310062 1
    4004 1.0 0.1 0.1 0.75 0.6 0.5 0.3
310063 1
    4004 1.0 0.1 0.1 0.75 0.6 0.5 0.3
310064 1
    4004 1.0 0.1 0.1 0.75 0.6 0.5 0.3
310065 1
    4004 1.0 0.1 0.1 0.75 0.6 0.5 0.3
309093 1
    4004 1.0 0.1 0.1 0.75 0.6 0.5 0.3
309094 1
    4004 1.0 0.1 0.1 0.75 0.6 0.5 0.3
309095 1
    4004 1.0 0.1 0.1 0.75 0.6 0.5 0.3
309096 1
    4004 1.0 0.1 0.1 0.75 0.6 0.5 0.3
309097 1
    4004 1.0 0.1 0.1 0.75 0.6 0.5 0.3
309098 1
    4004 1.0 0.1 0.1 0.75 0.6 0.5 0.3
309099 1
    4004 1.0 0.1 0.1 0.75 0.6 0.5 0.3
309100 1
    4004 1.0 0.1 0.1 0.75 0.6 0.5 0.3
309101 1
    4004 1.0 0.1 0.1 0.75 0.6 0.5 0.3
309102 1
    4004 1.0 0.1 0.1 0.75 0.6 0.5 0.3
309103 1
    4004 1.0 0.1 0.1 0.75 0.6 0.5 0.3
309104 1
    4004 1.0 0.1 0.1 0.75 0.6 0.5 0.3
309105 1
    4004 1.0 0.1 0.1 0.75 0.6 0.5 0.3
309106 1
    4004 1.0 0.1 0.1 0.75 0.6 0.5 0.3
309107 1
    4004 1.0 0.1 0.1 0.75 0.6 0.5 0.3
309108 1
    4004 1.0 0.1 0.1 0.75 0.6 0.5 0.3
309109 1
    4004 1.0 0.1 0.1 0.75 0.6 0.5 0.3
309110 1
    4004 1.0 0.1 0.1 0.75 0.6 0.5 0.3
309111 1
    4004 1.0 0.1 0.1 0.75 0.6 0.5 0.3
309112 1
    4004 1.0 0.1 0.1 0.75 0.6 0.5 0.3
309113 1
    4004 1.0 0.1 0.1 0.75 0.6 0.5 0.3
309114 1
    4004 1.0 0.1 0.1 0.75 0.6 0.5 0.3
309115 1
    4004 1.0 0.1 0.1 0.75 0.6 0.5 0.3
309116 1
    4004 1.0 0.1 0.1 0.75 0.6 0.5 0.3
309117 1
    4004 1.0 0.1 0.1 0.75 0.6 0.5 0.3
309118 1
    4004 1.0 0.1 0.1 0.75 0.6 0.5 0.3
309119 1
    4004 1.0 0.1 0.1 0.75 0.6 0.5 0.3
309120 1
    4004 1.0 0.1 0.1 0.75 0.6 0.5 0.3
309121 1
    4004 1.0 0.1 0.1 0.75 0.6 0.5 0.3
309122 1
    4004 1.0 0.1 0.1 0.75 0.6 0.5 0.3
309123 1
    4004 1.0 0.1 0.1 0.75 0.6 0.5 0.3
309124 1
    4004 1.0 0.1 0.1 0.75 0.6 0.5 0.3
309125 1
    4004 1.0 0.1 0.1 0.75 0.6 0.5 0.3
309126 1
    4004 1.0 0.1 0.1 0.75 0.6 0.5 0.3
309127 1
    4004 1.0 0.1 0.1 0.75 0.6 0.5 0.3
309128 1
    4004 1.0 0.1 0.1 0.75 0.6 0.5 0.3
309129 1
    4004 1.0 0.1 0.1 0.75 0.6 0.5 0.3
309130 1
    4004 1.0 0.1 0.1 0.75 0.6 0.5 0.3
309131 1
    4004 1.0 0.1 0.1 0.75 0.6 0.5 0.3
309132 1
    4004 1.0 0.1 0.1 0.75 0.6 0.5 0.3
309133 1
    4004 1.0 0.1 0.1 0.75 0.6 0.5 0.3
309134 1
    4004 1.0 0.1 0.1 0.75 0.6 0.5 0.3
309135 1
    4004 1.0 0.1 0.1 0.75 0.6 0.5 0.3
309136 1
    4004 1.0 0.1 0.1 0.75 0.6 0.5 0.3
309137 1
    4004 1.0 0.1 0.1 0.75 0.6 0.5 0.3
308165 1
    4004 1.0 0.1 0.1 0.75 0.6 0.5 0.3
308166 1
    4004 1.0 0.1 0.1 0.75 0.6 0.5 0.3
308167 1
    4004 1.0 0.1 0.1 0.75 0.6 0.5 0.3
308168 1
    4004 1.0 0.1 0.1 0.75 0.6 0.5 0.3
308169 1
    4004 1.0 0.1 0.1 0.75 0.6 0.5 0.3
308170 1
    4004 1.0 0.1 0.1 0.75 0.6 0.5 0.3
308171 1
    4004 1.0 0.1 0.1 0.75 0.6 0.5 0.3
308172 1
    4004 1.0 0.1 0.1 0.75 0.6 0.5 0.3
308173 1
    4004 1.0 0.1 0.1 0.75 0.6 0.5 0.3
308174 1
    4004 1.0 0.1 0.1 0.75 0.6 0.5 0.3
308175 1
    4004 1.0 0.1 0.1 0.75 0.6 0.5 0.3
308176 1
    4004 1.0 0.1 0.1 0.75 0.6 0.5 0.3
308177 1
    4004 1.0 0.1 0.1 0.75 0.6 0.5 0.3
308178 1
    4004 1.0 0.1 0.1 0.75 0.6 0.5 0.3
308179 1
    4004 1.0 0.1 0.1 0.75 0.6 0.5 0.3
308180 1
    4004 1.0 0.1 0.1 0.75 0.6 0.5 0.3
308181 1
    4004 1.0 0.1 0.1 0.75 0.6 0.5 0.3
308182 1
    4004 1.0 0.1 0.1 0.75 0.6 0.5 0.3
308183 1
    4004 1.0 0.1 0.1 0.75 0.6 0.5 0.3
308184 1
    4004 1.0 0.1 0.1 0.75 0.6 0.5 0.3
308185 1
    4004 1.0 0.1 0.1 0.75 0.6 0.5 0.3
308186 1
    4004 1.0 0.1 0.1 0.75 0.6 0.5 0.3
308187 1
    4004 1.0 0.1 0.1 0.75 0.6 0.5 0.3
308188 1
    4004 1.0 0.1 0.1 0.75 0.6 0.5 0.3
308189 1
    4004 1.0 0.1 0.1 0.75 0.6 0.5 0.3
308190 1
    4004 1.0 0.1 0.1 0.75 0.6 0.5 0.3
308191 1
    4004 1.0 0.1 0.1 0.75 0.6 0.5 0.3
308192 1
    4004 1.0 0.1 0.1 0.75 0.6 0.5 0.3
308193 1
    4004 1.0 0.1 0.1 0.75 0.6 0.5 0.3
308194 1
    4004 1.0 0.1 0.1 0.75 0.6 0.5 0.3
308195 1
    4004 1.0 0.1 0.1 0.75 0.6 0.5 0.3
308196 1
    4004 1.0 0.1 0.1 0.75 0.6 0.5 0.3
308197 1
    4004 1.0 0.1 0.1 0.75 0.6 0.5 0.3
308198 1
    4004 1.0 0.1 0.1 0.75 0.6 0.5 0.3
308199 1
    4004 1.0 0.1 0.1 0.75 0.6 0.5 0.3
308200 1
    4004 1.0 0.1 0.1 0.75 0.6 0.5 0.3
308201 1
    4004 1.0 0.1 0.1 0.75 0.6 0.5 0.3
308202 1
    4004 1.0 0.1 0.1 0.75 0.6 0.5 0.3
308203 1
    4004 1.0 0.1 0.1 0.75 0.6 0.5 0.3
308204 1
    4004 1.0 0.1 0.1 0.75 0.6 0.5 0.3
308205 1
    4004 1.0 0.1 0.1 0.75 0.6 0.5 0.3
308206 1
    4004 1.0 0.1 0.1 0.75 0.6 0.5 0.3
308207 1
    4004 1.0 0.1 0.1 0.75 0.6 0.5 0.3
308208 1
    4004 1.0 0.1 0.1 0.75 0.6 0.5 0.3
307237 1
    4004 1.0 0.1 0.1 0.75 0.6 0.5 0.3
307238 1
    4004 1.0 0.1 0.1 0.75 0.6 0.5 0.3
307239 1
    4004 1.0 0.1 0.1 0.75 0.6 0.5 0.3
307240 1
    4004 1.0 0.1 0.1 0.75 0.6 0.5 0.3
307241 1
    4004 1.0 0.1 0.1 0.75 0.6 0.5 0.3
307242 1
    4004 1.0 0.1 0.1 0.75 0.6 0.5 0.3
307243 1
    4004 1.0 0.1 0.1 0.75 0.6 0.5 0.3
307244 1
    4004 1.0 0.1 0.1 0.75 0.6 0.5 0.3
307245 1
    4004 1.0 0.1 0.1 0.75 0.6 0.5 0.3
307246 1
    4004 1.0 0.1 0.1 0.75 0.6 0.5 0.3
307247 1
    4004 1.0 0.1 0.1 0.75 0.6 0.5 0.3
307248 1
    4004 1.0 0.1 0.1 0.75 0.6 0.5 0.3
307249 1
    4004 1.0 0.1 0.1 0.75 0.6 0.5 0.3
307250 1
    4004 1.0 0.1 0.1 0.75 0.6 0.5 0.3
307251 1
    4004 1.0 0.1 0.1 0.75 0.6 0.5 0.3
307252 1
    4004 1.0 0.1 0.1 0.75 0.6 0.5 0.3
307253 1
    4004 1.0 0.1 0.1 0.75 0.6 0.5 0.3
307254 1
    4004 1.0 0.1 0.1 0.75 0.6 0.5 0.3
307255 1
    4004 1.0 0.1 0.1 0.75 0.6 0.5 0.3
307256 1
    4004 1.0 0.1 0.1 0.75 0.6 0.5 0.3
307257 1
    4004 1.0 0.1 0.1 0.75 0.6 0.5 0.3
307258 1
    4004 1.0 0.1 0.1 0.75 0.6 0.5 0.3
307259 1
    4004 1.0 0.1 0.1 0.75 0.6 0.5 0.3
307260 1
    4004 1.0 0.1 0.1 0.75 0.6 0.5 0.3
307261 1
    4004 1.0 0.1 0.1 0.75 0.6 0.5 0.3
307262 1
    4004 1.0 0.1 0.1 0.75 0.6 0.5 0.3
307263 1
    4004 1.0 0.1 0.1 0.75 0.6 0.5 0.3
307264 1
    4004 1.0 0.1 0.1 0.75 0.6 0.5 0.3
307265 1
    4004 1.0 0.1 0.1 0.75 0.6 0.5 0.3
307266 1
    4004 1.0 0.1 0.1 0.75 0.6 0.5 0.3
307267 1
    4004 1.0 0.1 0.1 0.75 0.6 0.5 0.3
307268 1
    4004 1.0 0.1 0.1 0.75 0.6 0.5 0.3
307269 1
    4004 1.0 0.1 0.1 0.75 0.6 0.5 0.3
307270 1
    4004 1.0 0.1 0.1 0.75 0.6 0.5 0.3
307271 1
    4004 1.0 0.1 0.1 0.75 0.6 0.5 0.3
307272 1
    4004 1.0 0.1 0.1 0.75 0.6 0.5 0.3
307273 1
    4004 1.0 0.1 0.1 0.75 0.6 0.5 0.3
307274 1
    4004 1.0 0.1 0.1 0.75 0.6 0.5 0.3
307275 1
    4004 1.0 0.1 0.1 0.75 0.6 0.5 0.3
307276 1
    4004 1.0 0.1 0.1 0.75 0.6 0.5 0.3
307277 1
    4004 1.0 0.1 0.1 0.75 0.6 0.5 0.3
307278 1
    4004 1.0 0.1 0.1 0.75 0.6 0.5 0.3
307279 1
    4004 1.0 0.1 0.1 0.75 0.6 0.5 0.3
307280 1
    4004 1.0 0.1 0.1 0.75 0.6 0.5 0.3
306310 1
    4004 1.0 0.1 0.1 0.75 0.6 0.5 0.3
306311 1
    4004 1.0 0.1 0.1 0.75 0.6 0.5 0.3
306312 1
    4004 1.0 0.1 0.1 0.75 0.6 0.5 0.3
306313 1
    4004 1.0 0.1 0.1 0.75 0.6 0.5 0.3
306314 1
    4004 1.0 0.1 0.1 0.75 0.6 0.5 0.3
306315 1
    4004 1.0 0.1 0.1 0.75 0.6 0.5 0.3
306316 1
    4004 1.0 0.1 0.1 0.75 0.6 0.5 0.3
306317 1
    4004 1.0 0.1 0.1 0.75 0.6 0.5 0.3
306318 1
    4004 1.0 0.1 0.1 0.75 0.6 0.5 0.3
306319 1
    4004 1.0 0.1 0.1 0.75 0.6 0.5 0.3
306320 1
    4004 1.0 0.1 0.1 0.75 0.6 0.5 0.3
306321 1
    4004 1.0 0.1 0.1 0.75 0.6 0.5 0.3
306322 1
    4004 1.0 0.1 0.1 0.75 0.6 0.5 0.3
306323 1
    4004 1.0 0.1 0.1 0.75 0.6 0.5 0.3
306324 1
    4004 1.0 0.1 0.1 0.75 0.6 0.5 0.3
306325 1
    4004 1.0 0.1 0.1 0.75 0.6 0.5 0.3
306326 1
    4004 1.0 0.1 0.1 0.75 0.6 0.5 0.3
306327 1
    4004 1.0 0.1 0.1 0.75 0.6 0.5 0.3
306328 1
    4004 1.0 0.1 0.1 0.75 0.6 0.5 0.3
306329 1
    4004 1.0 0.1 0.1 0.75 0.6 0.5 0.3
306330 1
    4004 1.0 0.1 0.1 0.75 0.6 0.5 0.3
306331 1
    4004 1.0 0.1 0.1 0.75 0.6 0.5 0.3
306332 1
    4004 1.0 0.1 0.1 0.75 0.6 0.5 0.3
306333 1
    4004 1.0 0.1 0.1 0.75 0.6 0.5 0.3
306334 1
    4004 1.0 0.1 0.1 0.75 0.6 0.5 0.3
306335 1
    4004 1.0 0.1 0.1 0.75 0.6 0.5 0.3
306336 1
    4004 1.0 0.1 0.1 0.75 0.6 0.5 0.3
306337 1
    4004 1.0 0.1 0.1 0.75 0.6 0.5 0.3
306338 1
    4004 1.0 0.1 0.1 0.75 0.6 0.5 0.3
306339 1
    4004 1.0 0.1 0.1 0.75 0.6 0.5 0.3
306340 1
    4004 1.0 0.1 0.1 0.75 0.6 0.5 0.3
306341 1
    4004 1.0 0.1 0.1 0.75 0.6 0.5 0.3
306342 1
    4004 1.0 0.1 0.1 0.75 0.6 0.5 0.3
306343 1
    4004 1.0 0.1 0.1 0.75 0.6 0.5 0.3
306344 1
    4004 1.0 0.1 0.1 0.75 0.6 0.5 0.3
306345 1
    4004 1.0 0.1 0.1 0.75 0.6 0.5 0.3
306346 1
    4004 1.0 0.1 0.1 0.75 0.6 0.5 0.3
306347 1
    4004 1.0 0.1 0.1 0.75 0.6 0.5 0.3
306348 1
    4004 1.0 0.1 0.1 0.75 0.6 0.5 0.3
306349 1
    4004 1.0 0.1 0.1 0.75 0.6 0.5 0.3
306350 1
    4004 1.0 0.1 0.1 0.75 0.6 0.5 0.3
306351 1
    4004 1.0 0.1 0.1 0.75 0.6 0.5 0.3
305385 1
    4004 1.0 0.1 0.1 0.75 0.6 0.5 0.3
305386 1
    4004 1.0 0.1 0.1 0.75 0.6 0.5 0.3
305387 1
    4004 1.0 0.1 0.1 0.75 0.6 0.5 0.3
305388 1
    4004 1.0 0.1 0.1 0.75 0.6 0.5 0.3
305389 1
    4004 1.0 0.1 0.1 0.75 0.6 0.5 0.3
305390 1
    4004 1.0 0.1 0.1 0.75 0.6 0.5 0.3
305391 1
    4004 1.0 0.1 0.1 0.75 0.6 0.5 0.3
305392 1
    4004 1.0 0.1 0.1 0.75 0.6 0.5 0.3
305393 1
    4004 1.0 0.1 0.1 0.75 0.6 0.5 0.3
305394 1
    4004 1.0 0.1 0.1 0.75 0.6 0.5 0.3
305395 1
    4004 1.0 0.1 0.1 0.75 0.6 0.5 0.3
305396 1
    4004 1.0 0.1 0.1 0.75 0.6 0.5 0.3
305397 1
    4004 1.0 0.1 0.1 0.75 0.6 0.5 0.3
305398 1
    4004 1.0 0.1 0.1 0.75 0.6 0.5 0.3
305399 1
    4004 1.0 0.1 0.1 0.75 0.6 0.5 0.3
305400 1
    4004 1.0 0.1 0.1 0.75 0.6 0.5 0.3
305401 1
    4004 1.0 0.1 0.1 0.75 0.6 0.5 0.3
305402 1
    4004 1.0 0.1 0.1 0.75 0.6 0.5 0.3
305403 1
    4004 1.0 0.1 0.1 0.75 0.6 0.5 0.3
305404 1
    4004 1.0 0.1 0.1 0.75 0.6 0.5 0.3
305405 1
    4004 1.0 0.1 0.1 0.75 0.6 0.5 0.3
305406 1
    4004 1.0 0.1 0.1 0.75 0.6 0.5 0.3
305407 1
    4004 1.0 0.1 0.1 0.75 0.6 0.5 0.3
305408 1
    4004 1.0 0.1 0.1 0.75 0.6 0.5 0.3
305409 1
    4004 1.0 0.1 0.1 0.75 0.6 0.5 0.3
305410 1
    4004 1.0 0.1 0.1 0.75 0.6 0.5 0.3
305411 1
    4004 1.0 0.1 0.1 0.75 0.6 0.5 0.3
305412 1
    4004 1.0 0.1 0.1 0.75 0.6 0.5 0.3
305413 1
    4004 1.0 0.1 0.1 0.75 0.6 0.5 0.3
305414 1
    4004 1.0 0.1 0.1 0.75 0.6 0.5 0.3
305415 1
    4004 1.0 0.1 0.1 0.75 0.6 0.5 0.3
305416 1
    4004 1.0 0.1 0.1 0.75 0.6 0.5 0.3
305417 1
    4004 1.0 0.1 0.1 0.75 0.6 0.5 0.3
305418 1
    4004 1.0 0.1 0.1 0.75 0.6 0.5 0.3
305419 1
    4004 1.0 0.1 0.1 0.75 0.6 0.5 0.3
305420 1
    4004 1.0 0.1 0.1 0.75 0.6 0.5 0.3
305421 1
    4004 1.0 0.1 0.1 0.75 0.6 0.5 0.3
305422 1
    4004 1.0 0.1 0.1 0.75 0.6 0.5 0.3
304458 1
    4004 1.0 0.1 0.1 0.75 0.6 0.5 0.3
304459 1
    4004 1.0 0.1 0.1 0.75 0.6 0.5 0.3
304460 1
    4004 1.0 0.1 0.1 0.75 0.6 0.5 0.3
304461 1
    4004 1.0 0.1 0.1 0.75 0.6 0.5 0.3
304462 1
    4004 1.0 0.1 0.1 0.75 0.6 0.5 0.3
304463 1
    4004 1.0 0.1 0.1 0.75 0.6 0.5 0.3
304464 1
    4004 1.0 0.1 0.1 0.75 0.6 0.5 0.3
304465 1
    4004 1.0 0.1 0.1 0.75 0.6 0.5 0.3
304466 1
    4004 1.0 0.1 0.1 0.75 0.6 0.5 0.3
304467 1
    4004 1.0 0.1 0.1 0.75 0.6 0.5 0.3
304468 1
    4004 1.0 0.1 0.1 0.75 0.6 0.5 0.3
304469 1
    4004 1.0 0.1 0.1 0.75 0.6 0.5 0.3
304470 1
    4004 1.0 0.1 0.1 0.75 0.6 0.5 0.3
304471 1
    4004 1.0 0.1 0.1 0.75 0.6 0.5 0.3
304472 1
    4004 1.0 0.1 0.1 0.75 0.6 0.5 0.3
304473 1
    4004 1.0 0.1 0.1 0.75 0.6 0.5 0.3
304474 1
    4004 1.0 0.1 0.1 0.75 0.6 0.5 0.3
304475 1
    4004 1.0 0.1 0.1 0.75 0.6 0.5 0.3
304476 1
    4004 1.0 0.1 0.1 0.75 0.6 0.5 0.3
304477 1
    4004 1.0 0.1 0.1 0.75 0.6 0.5 0.3
304478 1
    4004 1.0 0.1 0.1 0.75 0.6 0.5 0.3
304479 1
    4004 1.0 0.1 0.1 0.75 0.6 0.5 0.3
304480 1
    4004 1.0 0.1 0.1 0.75 0.6 0.5 0.3
304481 1
    4004 1.0 0.1 0.1 0.75 0.6 0.5 0.3
304482 1
    4004 1.0 0.1 0.1 0.75 0.6 0.5 0.3
304483 1
    4004 1.0 0.1 0.1 0.75 0.6 0.5 0.3
304484 1
    4004 1.0 0.1 0.1 0.75 0.6 0.5 0.3
304485 1
    4004 1.0 0.1 0.1 0.75 0.6 0.5 0.3
304486 1
    4004 1.0 0.1 0.1 0.75 0.6 0.5 0.3
304487 1
    4004 1.0 0.1 0.1 0.75 0.6 0.5 0.3
304488 1
    4004 1.0 0.1 0.1 0.75 0.6 0.5 0.3
304489 1
    4004 1.0 0.1 0.1 0.75 0.6 0.5 0.3
304490 1
    4004 1.0 0.1 0.1 0.75 0.6 0.5 0.3
304491 1
    4004 1.0 0.1 0.1 0.75 0.6 0.5 0.3
304492 1
    4004 1.0 0.1 0.1 0.75 0.6 0.5 0.3
304493 1
    4004 1.0 0.1 0.1 0.75 0.6 0.5 0.3
304494 1
    4004 1.0 0.1 0.1 0.75 0.6 0.5 0.3
304495 1
    4004 1.0 0.1 0.1 0.75 0.6 0.5 0.3
303529 1
    4004 1.0 0.1 0.1 0.75 0.6 0.5 0.3
303530 1
    4004 1.0 0.1 0.1 0.75 0.6 0.5 0.3
303531 1
    4004 1.0 0.1 0.1 0.75 0.6 0.5 0.3
303532 1
    4004 1.0 0.1 0.1 0.75 0.6 0.5 0.3
303533 1
    4004 1.0 0.1 0.1 0.75 0.6 0.5 0.3
303534 1
    4004 1.0 0.1 0.1 0.75 0.6 0.5 0.3
303535 1
    4004 1.0 0.1 0.1 0.75 0.6 0.5 0.3
303536 1
    4004 1.0 0.1 0.1 0.75 0.6 0.5 0.3
303537 1
    4004 1.0 0.1 0.1 0.75 0.6 0.5 0.3
303538 1
    4004 1.0 0.1 0.1 0.75 0.6 0.5 0.3
303539 1
    4004 1.0 0.1 0.1 0.75 0.6 0.5 0.3
303540 1
    4004 1.0 0.1 0.1 0.75 0.6 0.5 0.3
303541 1
    4004 1.0 0.1 0.1 0.75 0.6 0.5 0.3
303542 1
    4004 1.0 0.1 0.1 0.75 0.6 0.5 0.3
303543 1
    4004 1.0 0.1 0.1 0.75 0.6 0.5 0.3
303544 1
    4004 1.0 0.1 0.1 0.75 0.6 0.5 0.3
303545 1
    4004 1.0 0.1 0.1 0.75 0.6 0.5 0.3
303546 1
    4004 1.0 0.1 0.1 0.75 0.6 0.5 0.3
303547 1
    4004 1.0 0.1 0.1 0.75 0.6 0.5 0.3
303548 1
    4004 1.0 0.1 0.1 0.75 0.6 0.5 0.3
303549 1
    4004 1.0 0.1 0.1 0.75 0.6 0.5 0.3
303550 1
    4004 1.0 0.1 0.1 0.75 0.6 0.5 0.3
303551 1
    4004 1.0 0.1 0.1 0.75 0.6 0.5 0.3
303552 1
    4004 1.0 0.1 0.1 0.75 0.6 0.5 0.3
303553 1
    4004 1.0 0.1 0.1 0.75 0.6 0.5 0.3
303554 1
    4004 1.0 0.1 0.1 0.75 0.6 0.5 0.3
303555 1
    4004 1.0 0.1 0.1 0.75 0.6 0.5 0.3
303556 1
    4004 1.0 0.1 0.1 0.75 0.6 0.5 0.3
303557 1
    4004 1.0 0.1 0.1 0.75 0.6 0.5 0.3
303558 1
    4004 1.0 0.1 0.1 0.75 0.6 0.5 0.3
303559 1
    4004 1.0 0.1 0.1 0.75 0.6 0.5 0.3
303560 1
    4004 1.0 0.1 0.1 0.75 0.6 0.5 0.3
303561 1
    4004 1.0 0.1 0.1 0.75 0.6 0.5 0.3
303562 1
    4004 1.0 0.1 0.1 0.75 0.6 0.5 0.3
303563 1
    4004 1.0 0.1 0.1 0.75 0.6 0.5 0.3
303564 1
    4004 1.0 0.1 0.1 0.75 0.6 0.5 0.3
303565 1
    4004 1.0 0.1 0.1 0.75 0.6 0.5 0.3
303566 1
    4004 1.0 0.1 0.1 0.75 0.6 0.5 0.3
303567 1
    4004 1.0 0.1 0.1 0.75 0.6 0.5 0.3
302600 1
    4004 1.0 0.1 0.1 0.75 0.6 0.5 0.3
302601 1
    4004 1.0 0.1 0.1 0.75 0.6 0.5 0.3
302602 1
    4004 1.0 0.1 0.1 0.75 0.6 0.5 0.3
302603 1
    4004 1.0 0.1 0.1 0.75 0.6 0.5 0.3
302604 1
    4004 1.0 0.1 0.1 0.75 0.6 0.5 0.3
302605 1
    4004 1.0 0.1 0.1 0.75 0.6 0.5 0.3
302606 1
    4004 1.0 0.1 0.1 0.75 0.6 0.5 0.3
302607 1
    4004 1.0 0.1 0.1 0.75 0.6 0.5 0.3
302608 1
    4004 1.0 0.1 0.1 0.75 0.6 0.5 0.3
302609 1
    4004 1.0 0.1 0.1 0.75 0.6 0.5 0.3
302610 1
    4004 1.0 0.1 0.1 0.75 0.6 0.5 0.3
302611 1
    4004 1.0 0.1 0.1 0.75 0.6 0.5 0.3
302612 1
    4004 1.0 0.1 0.1 0.75 0.6 0.5 0.3
302613 1
    4004 1.0 0.1 0.1 0.75 0.6 0.5 0.3
302614 1
    4004 1.0 0.1 0.1 0.75 0.6 0.5 0.3
302615 1
    4004 1.0 0.1 0.1 0.75 0.6 0.5 0.3
302616 1
    4004 1.0 0.1 0.1 0.75 0.6 0.5 0.3
302617 1
    4004 1.0 0.1 0.1 0.75 0.6 0.5 0.3
302618 1
    4004 1.0 0.1 0.1 0.75 0.6 0.5 0.3
302619 1
    4004 1.0 0.1 0.1 0.75 0.6 0.5 0.3
302620 1
    4004 1.0 0.1 0.1 0.75 0.6 0.5 0.3
302621 1
    4004 1.0 0.1 0.1 0.75 0.6 0.5 0.3
302622 1
    4004 1.0 0.1 0.1 0.75 0.6 0.5 0.3
302623 1
    4004 1.0 0.1 0.1 0.75 0.6 0.5 0.3
302624 1
    4004 1.0 0.1 0.1 0.75 0.6 0.5 0.3
302625 1
    4004 1.0 0.1 0.1 0.75 0.6 0.5 0.3
302626 1
    4004 1.0 0.1 0.1 0.75 0.6 0.5 0.3
302627 1
    4004 1.0 0.1 0.1 0.75 0.6 0.5 0.3
302628 1
    4004 1.0 0.1 0.1 0.75 0.6 0.5 0.3
302629 1
    4004 1.0 0.1 0.1 0.75 0.6 0.5 0.3
302630 1
    4004 1.0 0.1 0.1 0.75 0.6 0.5 0.3
302631 1
    4004 1.0 0.1 0.1 0.75 0.6 0.5 0.3
302632 1
    4004 1.0 0.1 0.1 0.75 0.6 0.5 0.3
302633 1
    4004 1.0 0.1 0.1 0.75 0.6 0.5 0.3
302634 1
    4004 1.0 0.1 0.1 0.75 0.6 0.5 0.3
302635 1
    4004 1.0 0.1 0.1 0.75 0.6 0.5 0.3
302636 1
    4004 1.0 0.1 0.1 0.75 0.6 0.5 0.3
302637 1
    4004 1.0 0.1 0.1 0.75 0.6 0.5 0.3
301672 1
    4004 1.0 0.1 0.1 0.75 0.6 0.5 0.3
301673 1
    4004 1.0 0.1 0.1 0.75 0.6 0.5 0.3
301674 1
    4004 1.0 0.1 0.1 0.75 0.6 0.5 0.3
301675 1
    4004 1.0 0.1 0.1 0.75 0.6 0.5 0.3
301676 1
    4004 1.0 0.1 0.1 0.75 0.6 0.5 0.3
301677 1
    4004 1.0 0.1 0.1 0.75 0.6 0.5 0.3
301678 1
    4004 1.0 0.1 0.1 0.75 0.6 0.5 0.3
301679 1
    4004 1.0 0.1 0.1 0.75 0.6 0.5 0.3
301680 1
    4004 1.0 0.1 0.1 0.75 0.6 0.5 0.3
301681 1
    4004 1.0 0.1 0.1 0.75 0.6 0.5 0.3
301682 1
    4004 1.0 0.1 0.1 0.75 0.6 0.5 0.3
301683 1
    4004 1.0 0.1 0.1 0.75 0.6 0.5 0.3
301684 1
    4004 1.0 0.1 0.1 0.75 0.6 0.5 0.3
301685 1
    4004 1.0 0.1 0.1 0.75 0.6 0.5 0.3
301686 1
    4004 1.0 0.1 0.1 0.75 0.6 0.5 0.3
301687 1
    4004 1.0 0.1 0.1 0.75 0.6 0.5 0.3
301688 1
    4004 1.0 0.1 0.1 0.75 0.6 0.5 0.3
301689 1
    4004 1.0 0.1 0.1 0.75 0.6 0.5 0.3
301690 1
    4004 1.0 0.1 0.1 0.75 0.6 0.5 0.3
301691 1
    4004 1.0 0.1 0.1 0.75 0.6 0.5 0.3
301692 1
    4004 1.0 0.1 0.1 0.75 0.6 0.5 0.3
301693 1
    4004 1.0 0.1 0.1 0.75 0.6 0.5 0.3
301694 1
    4004 1.0 0.1 0.1 0.75 0.6 0.5 0.3
301695 1
    4004 1.0 0.1 0.1 0.75 0.6 0.5 0.3
301696 1
    4004 1.0 0.1 0.1 0.75 0.6 0.5 0.3
301697 1
    4004 1.0 0.1 0.1 0.75 0.6 0.5 0.3
301698 1
    4004 1.0 0.1 0.1 0.75 0.6 0.5 0.3
301699 1
    4004 1.0 0.1 0.1 0.75 0.6 0.5 0.3
301700 1
    4004 1.0 0.1 0.1 0.75 0.6 0.5 0.3
301701 1
    4004 1.0 0.1 0.1 0.75 0.6 0.5 0.3
301702 1
    4004 1.0 0.1 0.1 0.75 0.6 0.5 0.3
301703 1
    4004 1.0 0.1 0.1 0.75 0.6 0.5 0.3
301704 1
    4004 1.0 0.1 0.1 0.75 0.6 0.5 0.3
301705 1
    4004 1.0 0.1 0.1 0.75 0.6 0.5 0.3
301706 1
    4004 1.0 0.1 0.1 0.75 0.6 0.5 0.3
300744 1
    4004 1.0 0.1 0.1 0.75 0.6 0.5 0.3
300745 1
    4004 1.0 0.1 0.1 0.75 0.6 0.5 0.3
300746 1
    4004 1.0 0.1 0.1 0.75 0.6 0.5 0.3
300747 1
    4004 1.0 0.1 0.1 0.75 0.6 0.5 0.3
300748 1
    4004 1.0 0.1 0.1 0.75 0.6 0.5 0.3
300749 1
    4004 1.0 0.1 0.1 0.75 0.6 0.5 0.3
300750 1
    4004 1.0 0.1 0.1 0.75 0.6 0.5 0.3
300751 1
    4004 1.0 0.1 0.1 0.75 0.6 0.5 0.3
300752 1
    4004 1.0 0.1 0.1 0.75 0.6 0.5 0.3
300753 1
    4004 1.0 0.1 0.1 0.75 0.6 0.5 0.3
300754 1
    4004 1.0 0.1 0.1 0.75 0.6 0.5 0.3
300755 1
    4004 1.0 0.1 0.1 0.75 0.6 0.5 0.3
300756 1
    4004 1.0 0.1 0.1 0.75 0.6 0.5 0.3
300757 1
    4004 1.0 0.1 0.1 0.75 0.6 0.5 0.3
300758 1
    4004 1.0 0.1 0.1 0.75 0.6 0.5 0.3
300759 1
    4004 1.0 0.1 0.1 0.75 0.6 0.5 0.3
300760 1
    4004 1.0 0.1 0.1 0.75 0.6 0.5 0.3
300761 1
    4004 1.0 0.1 0.1 0.75 0.6 0.5 0.3
300762 1
    4004 1.0 0.1 0.1 0.75 0.6 0.5 0.3
300763 1
    4004 1.0 0.1 0.1 0.75 0.6 0.5 0.3
300764 1
    4004 1.0 0.1 0.1 0.75 0.6 0.5 0.3
300765 1
    4004 1.0 0.1 0.1 0.75 0.6 0.5 0.3
300766 1
    4004 1.0 0.1 0.1 0.75 0.6 0.5 0.3
300767 1
    4004 1.0 0.1 0.1 0.75 0.6 0.5 0.3
300768 1
    4004 1.0 0.1 0.1 0.75 0.6 0.5 0.3
300769 1
    4004 1.0 0.1 0.1 0.75 0.6 0.5 0.3
300770 1
    4004 1.0 0.1 0.1 0.75 0.6 0.5 0.3
300771 1
    4004 1.0 0.1 0.1 0.75 0.6 0.5 0.3
300772 1
    4004 1.0 0.1 0.1 0.75 0.6 0.5 0.3
300773 1
    4004 1.0 0.1 0.1 0.75 0.6 0.5 0.3
300774 1
    4004 1.0 0.1 0.1 0.75 0.6 0.5 0.3
299816 1
    4004 1.0 0.1 0.1 0.75 0.6 0.5 0.3
299817 1
    4004 1.0 0.1 0.1 0.75 0.6 0.5 0.3
299818 1
    4004 1.0 0.1 0.1 0.75 0.6 0.5 0.3
299819 1
    4004 1.0 0.1 0.1 0.75 0.6 0.5 0.3
299820 1
    4004 1.0 0.1 0.1 0.75 0.6 0.5 0.3
299821 1
    4004 1.0 0.1 0.1 0.75 0.6 0.5 0.3
299822 1
    4004 1.0 0.1 0.1 0.75 0.6 0.5 0.3
299823 1
    4004 1.0 0.1 0.1 0.75 0.6 0.5 0.3
299824 1
    4004 1.0 0.1 0.1 0.75 0.6 0.5 0.3
299825 1
    4004 1.0 0.1 0.1 0.75 0.6 0.5 0.3
299826 1
    4004 1.0 0.1 0.1 0.75 0.6 0.5 0.3
299827 1
    4004 1.0 0.1 0.1 0.75 0.6 0.5 0.3
299828 1
    4004 1.0 0.1 0.1 0.75 0.6 0.5 0.3
299829 1
    4004 1.0 0.1 0.1 0.75 0.6 0.5 0.3
299830 1
    4004 1.0 0.1 0.1 0.75 0.6 0.5 0.3
299831 1
    4004 1.0 0.1 0.1 0.75 0.6 0.5 0.3
299832 1
    4004 1.0 0.1 0.1 0.75 0.6 0.5 0.3
299833 1
    4004 1.0 0.1 0.1 0.75 0.6 0.5 0.3
299834 1
    4004 1.0 0.1 0.1 0.75 0.6 0.5 0.3
299835 1
    4004 1.0 0.1 0.1 0.75 0.6 0.5 0.3
299836 1
    4004 1.0 0.1 0.1 0.75 0.6 0.5 0.3
299837 1
    4004 1.0 0.1 0.1 0.75 0.6 0.5 0.3
299838 1
    4004 1.0 0.1 0.1 0.75 0.6 0.5 0.3
299839 1
    4004 1.0 0.1 0.1 0.75 0.6 0.5 0.3
299840 1
    4004 1.0 0.1 0.1 0.75 0.6 0.5 0.3
299841 1
    4004 1.0 0.1 0.1 0.75 0.6 0.5 0.3
299842 1
    4004 1.0 0.1 0.1 0.75 0.6 0.5 0.3
299843 1
    4004 1.0 0.1 0.1 0.75 0.6 0.5 0.3
299844 1
    4004 1.0 0.1 0.1 0.75 0.6 0.5 0.3
299845 1
    4004 1.0 0.1 0.1 0.75 0.6 0.5 0.3
299846 1
    4004 1.0 0.1 0.1 0.75 0.6 0.5 0.3
299847 1
    4004 1.0 0.1 0.1 0.75 0.6 0.5 0.3
299848 1
    4004 1.0 0.1 0.1 0.75 0.6 0.5 0.3
298889 1
    4004 1.0 0.1 0.1 0.75 0.6 0.5 0.3
298890 1
    4004 1.0 0.1 0.1 0.75 0.6 0.5 0.3
298891 1
    4004 1.0 0.1 0.1 0.75 0.6 0.5 0.3
298892 1
    4004 1.0 0.1 0.1 0.75 0.6 0.5 0.3
298893 1
    4004 1.0 0.1 0.1 0.75 0.6 0.5 0.3
298894 1
    4004 1.0 0.1 0.1 0.75 0.6 0.5 0.3
298895 1
    4004 1.0 0.1 0.1 0.75 0.6 0.5 0.3
298896 1
    4004 1.0 0.1 0.1 0.75 0.6 0.5 0.3
298897 1
    4004 1.0 0.1 0.1 0.75 0.6 0.5 0.3
298898 1
    4004 1.0 0.1 0.1 0.75 0.6 0.5 0.3
298899 1
    4004 1.0 0.1 0.1 0.75 0.6 0.5 0.3
298900 1
    4004 1.0 0.1 0.1 0.75 0.6 0.5 0.3
298901 1
    4004 1.0 0.1 0.1 0.75 0.6 0.5 0.3
298902 1
    4004 1.0 0.1 0.1 0.75 0.6 0.5 0.3
298903 1
    4004 1.0 0.1 0.1 0.75 0.6 0.5 0.3
298904 1
    4004 1.0 0.1 0.1 0.75 0.6 0.5 0.3
298905 1
    4004 1.0 0.1 0.1 0.75 0.6 0.5 0.3
298906 1
    4004 1.0 0.1 0.1 0.75 0.6 0.5 0.3
298907 1
    4004 1.0 0.1 0.1 0.75 0.6 0.5 0.3
298908 1
    4004 1.0 0.1 0.1 0.75 0.6 0.5 0.3
298909 1
    4004 1.0 0.1 0.1 0.75 0.6 0.5 0.3
298910 1
    4004 1.0 0.1 0.1 0.75 0.6 0.5 0.3
298911 1
    4004 1.0 0.1 0.1 0.75 0.6 0.5 0.3
298912 1
    4004 1.0 0.1 0.1 0.75 0.6 0.5 0.3
298913 1
    4004 1.0 0.1 0.1 0.75 0.6 0.5 0.3
298914 1
    4004 1.0 0.1 0.1 0.75 0.6 0.5 0.3
298915 1
    4004 1.0 0.1 0.1 0.75 0.6 0.5 0.3
298916 1
    4004 1.0 0.1 0.1 0.75 0.6 0.5 0.3
298917 1
    4004 1.0 0.1 0.1 0.75 0.6 0.5 0.3
298918 1
    4004 1.0 0.1 0.1 0.75 0.6 0.5 0.3
298919 1
    4004 1.0 0.1 0.1 0.75 0.6 0.5 0.3
298920 1
    4004 1.0 0.1 0.1 0.75 0.6 0.5 0.3
297960 1
    4004 1.0 0.1 0.1 0.75 0.6 0.5 0.3
297961 1
    4004 1.0 0.1 0.1 0.75 0.6 0.5 0.3
297962 1
    4004 1.0 0.1 0.1 0.75 0.6 0.5 0.3
297963 1
    4004 1.0 0.1 0.1 0.75 0.6 0.5 0.3
297964 1
    4004 1.0 0.1 0.1 0.75 0.6 0.5 0.3
297965 1
    4004 1.0 0.1 0.1 0.75 0.6 0.5 0.3
297966 1
    4004 1.0 0.1 0.1 0.75 0.6 0.5 0.3
297967 1
    4004 1.0 0.1 0.1 0.75 0.6 0.5 0.3
297968 1
    4004 1.0 0.1 0.1 0.75 0.6 0.5 0.3
297969 1
    4004 1.0 0.1 0.1 0.75 0.6 0.5 0.3
297970 1
    4004 1.0 0.1 0.1 0.75 0.6 0.5 0.3
297971 1
    4004 1.0 0.1 0.1 0.75 0.6 0.5 0.3
297972 1
    4004 1.0 0.1 0.1 0.75 0.6 0.5 0.3
297973 1
    4004 1.0 0.1 0.1 0.75 0.6 0.5 0.3
297974 1
    4004 1.0 0.1 0.1 0.75 0.6 0.5 0.3
297975 1
    4004 1.0 0.1 0.1 0.75 0.6 0.5 0.3
297976 1
    4004 1.0 0.1 0.1 0.75 0.6 0.5 0.3
297977 1
    4004 1.0 0.1 0.1 0.75 0.6 0.5 0.3
297978 1
    4004 1.0 0.1 0.1 0.75 0.6 0.5 0.3
297979 1
    4004 1.0 0.1 0.1 0.75 0.6 0.5 0.3
297980 1
    4004 1.0 0.1 0.1 0.75 0.6 0.5 0.3
297981 1
    4004 1.0 0.1 0.1 0.75 0.6 0.5 0.3
297982 1
    4004 1.0 0.1 0.1 0.75 0.6 0.5 0.3
297983 1
    4004 1.0 0.1 0.1 0.75 0.6 0.5 0.3
297984 1
    4004 1.0 0.1 0.1 0.75 0.6 0.5 0.3
297985 1
    4004 1.0 0.1 0.1 0.75 0.6 0.5 0.3
297986 1
    4004 1.0 0.1 0.1 0.75 0.6 0.5 0.3
297987 1
    4004 1.0 0.1 0.1 0.75 0.6 0.5 0.3
297988 1
    4004 1.0 0.1 0.1 0.75 0.6 0.5 0.3
297989 1
    4004 1.0 0.1 0.1 0.75 0.6 0.5 0.3
297990 1
    4004 1.0 0.1 0.1 0.75 0.6 0.5 0.3
297991 1
    4004 1.0 0.1 0.1 0.75 0.6 0.5 0.3
297992 1
    4004 1.0 0.1 0.1 0.75 0.6 0.5 0.3
297044 1
    4004 1.0 0.1 0.1 0.75 0.6 0.5 0.3
297045 1
    4004 1.0 0.1 0.1 0.75 0.6 0.5 0.3
297046 1
    4004 1.0 0.1 0.1 0.75 0.6 0.5 0.3
297047 1
    4004 1.0 0.1 0.1 0.75 0.6 0.5 0.3
297048 1
    4004 1.0 0.1 0.1 0.75 0.6 0.5 0.3
297049 1
    4004 1.0 0.1 0.1 0.75 0.6 0.5 0.3
297050 1
    4004 1.0 0.1 0.1 0.75 0.6 0.5 0.3
297051 1
    4004 1.0 0.1 0.1 0.75 0.6 0.5 0.3
297052 1
    4004 1.0 0.1 0.1 0.75 0.6 0.5 0.3
297053 1
    4004 1.0 0.1 0.1 0.75 0.6 0.5 0.3
297054 1
    4004 1.0 0.1 0.1 0.75 0.6 0.5 0.3
297055 1
    4004 1.0 0.1 0.1 0.75 0.6 0.5 0.3
297056 1
    4004 1.0 0.1 0.1 0.75 0.6 0.5 0.3
297057 1
    4004 1.0 0.1 0.1 0.75 0.6 0.5 0.3
297058 1
    4004 1.0 0.1 0.1 0.75 0.6 0.5 0.3
297059 1
    4004 1.0 0.1 0.1 0.75 0.6 0.5 0.3
297060 1
    4004 1.0 0.1 0.1 0.75 0.6 0.5 0.3
297061 1
    4004 1.0 0.1 0.1 0.75 0.6 0.5 0.3
297062 1
    4004 1.0 0.1 0.1 0.75 0.6 0.5 0.3
297063 1
    4004 1.0 0.1 0.1 0.75 0.6 0.5 0.3
297064 1
    4004 1.0 0.1 0.1 0.75 0.6 0.5 0.3
296116 1
    4004 1.0 0.1 0.1 0.75 0.6 0.5 0.3
296117 1
    4004 1.0 0.1 0.1 0.75 0.6 0.5 0.3
296118 1
    4004 1.0 0.1 0.1 0.75 0.6 0.5 0.3
296119 1
    4004 1.0 0.1 0.1 0.75 0.6 0.5 0.3
296120 1
    4004 1.0 0.1 0.1 0.75 0.6 0.5 0.3
296121 1
    4004 1.0 0.1 0.1 0.75 0.6 0.5 0.3
296122 1
    4004 1.0 0.1 0.1 0.75 0.6 0.5 0.3
296123 1
    4004 1.0 0.1 0.1 0.75 0.6 0.5 0.3
296124 1
    4004 1.0 0.1 0.1 0.75 0.6 0.5 0.3
296125 1
    4004 1.0 0.1 0.1 0.75 0.6 0.5 0.3
296126 1
    4004 1.0 0.1 0.1 0.75 0.6 0.5 0.3
296127 1
    4004 1.0 0.1 0.1 0.75 0.6 0.5 0.3
296128 1
    4004 1.0 0.1 0.1 0.75 0.6 0.5 0.3
296129 1
    4004 1.0 0.1 0.1 0.75 0.6 0.5 0.3
296130 1
    4004 1.0 0.1 0.1 0.75 0.6 0.5 0.3
296131 1
    4004 1.0 0.1 0.1 0.75 0.6 0.5 0.3
296132 1
    4004 1.0 0.1 0.1 0.75 0.6 0.5 0.3
296133 1
    4004 1.0 0.1 0.1 0.75 0.6 0.5 0.3
296134 1
    4004 1.0 0.1 0.1 0.75 0.6 0.5 0.3
296135 1
    4004 1.0 0.1 0.1 0.75 0.6 0.5 0.3
296136 1
    4004 1.0 0.1 0.1 0.75 0.6 0.5 0.3
