313759 15
   10 0.4233 0.1 0.1 1 0.7 0.5 0.2
   701 0.0445 0.1 0.1 0.75 0.6 0.5 0.3
   1401 0.1483 0.1 0.1 0.75 0.6 0.5 0.3
   1403 0.0585 0.1 0.1 0.75 0.6 0.5 0.3
   2501 0.0185 0.1 0.1 0.75 0.6 0.5 0.3
   4004 0.0049 0.1 0.1 0.75 0.6 0.5 0.3
   4005 0.0099 0.1 0.1 0.75 0.6 0.5 0.3
   4006 0.0009 0.1 0.1 0.75 0.6 0.5 0.3
   4007 0.0025 0.1 0.1 0.75 0.6 0.5 0.3
   4008 0.0006 0.1 0.1 0.75 0.6 0.5 0.3
   4009 0.0004 0.1 0.1 0.75 0.6 0.5 0.3
   4010 0.0003 0.1 0.1 0.75 0.6 0.5 0.3
   4100 0.0008 0.1 0.1 0.75 0.6 0.5 0.3
   4104 0.0016 0.1 0.1 0.75 0.6 0.5 0.3
   6001 0.0590 0.1 0.1 0.75 0.6 0.5 0.3
