309120 16
   10 0.1317 0.1 0.1 1 0.7 0.5 0.2
   701 0.0417 0.1 0.1 0.75 0.6 0.5 0.3
   807 0.0034 0.1 0.1 0.75 0.6 0.5 0.3
   1403 0.0003 0.1 0.1 0.75 0.6 0.5 0.3
   2501 0.0130 0.1 0.1 0.75 0.6 0.5 0.3
   4004 0.0487 0.1 0.1 0.75 0.6 0.5 0.3
   4005 0.3176 0.1 0.1 0.75 0.6 0.5 0.3
   4006 0.1764 0.1 0.1 0.75 0.6 0.5 0.3
   4007 0.0005 0.1 0.1 0.75 0.6 0.5 0.3
   4008 0.0367 0.1 0.1 0.75 0.6 0.5 0.3
   4009 0.0182 0.1 0.1 0.75 0.6 0.5 0.3
   4010 0.0005 0.1 0.1 0.75 0.6 0.5 0.3
   4011 0.0014 0.1 0.1 0.75 0.6 0.5 0.3
   4100 0.0004 0.1 0.1 0.75 0.6 0.5 0.3
   4104 0.0105 0.1 0.1 0.75 0.6 0.5 0.3
   6001 0.0037 0.1 0.1 0.75 0.6 0.5 0.3
