gridid	cdl_1_corn	cdl_12_sweetcorn	cdl_14_mint	cdl_21_barley	cdl_23_spwheat	cdl_24_winwheat	cdl_31_canola	cdl_36_alfalfa	cdl_38_camlina	cdl_42_drybeans	cdl_43_potato	cdl_49_onion	cdl_53_peas	cdl_66_cherries	cdl_68_apples	cdl_206_carrots	cdl_37_otherhay	cdl_59_seedsodgrass
296116	1	1	1	0	0	0	0	1	0	0	1	1	1	1	1	1	0	1
296117	1	1	1	0	0	0	0	1	0	0	1	1	1	1	1	1	0	1
296118	1	1	1	0	0	0	0	1	0	0	1	1	1	1	1	1	0	1
296119	1	1	1	0	0	0	0	1	0	0	1	1	1	1	1	1	0	1
296120	1	1	1	0	0	0	0	1	0	0	1	1	1	1	1	1	0	1
296121	1	1	1	0	0	0	0	1	0	0	1	1	1	1	1	1	0	1
296122	1	1	1	0	0	0	0	1	0	0	1	1	1	1	1	1	0	1
296123	1	1	1	0	0	0	0	1	0	0	1	1	1	1	1	1	0	1
296124	1	1	1	0	0	0	0	1	0	0	1	1	1	1	1	1	0	1
296125	1	1	1	0	0	0	0	1	0	0	1	1	1	1	1	1	0	1
296126	1	1	1	0	0	0	0	1	0	0	1	1	1	1	1	1	0	1
296127	1	1	1	0	0	0	0	1	0	0	1	1	1	1	1	1	0	1
296128	1	1	1	0	0	0	0	1	0	0	1	1	1	1	1	1	0	1
296129	1	1	1	0	0	0	0	1	0	0	1	1	1	1	1	1	0	1
296130	1	1	1	0	0	0	0	1	0	0	1	1	1	1	1	1	0	1
296131	1	1	1	0	0	0	0	1	0	0	1	1	1	1	1	1	0	1
296132	1	1	1	0	0	0	0	1	0	0	1	1	1	1	1	1	0	1
296133	1	1	1	0	0	0	0	1	0	0	1	1	1	1	1	1	0	1
296134	1	1	1	0	0	0	0	1	0	0	1	1	1	1	1	1	0	1
296135	1	1	1	0	0	0	0	1	0	0	1	1	1	1	1	1	0	1
296136	1	1	1	0	0	0	0	1	0	0	1	1	1	1	1	1	0	1
297044	1	1	1	0	0	0	0	1	0	0	1	1	1	1	1	1	0	1
297045	1	1	1	0	0	0	0	1	0	0	1	1	1	1	1	1	0	1
297046	1	1	1	0	0	0	0	1	0	0	1	1	1	1	1	1	0	1
297047	1	1	1	0	0	0	0	1	0	0	1	1	1	1	1	1	0	1
297048	1	1	1	0	0	0	0	1	0	0	1	1	1	1	1	1	0	1
297049	1	1	1	0	0	0	0	1	0	0	1	1	1	1	1	1	0	1
297050	1	1	1	0	0	0	0	1	0	0	1	1	1	1	1	1	0	1
297051	1	1	1	0	0	0	0	1	0	0	1	1	1	1	1	1	0	1
297052	1	1	1	0	0	0	0	1	0	0	1	1	1	1	1	1	0	1
297053	1	1	1	0	0	0	0	1	0	0	1	1	1	1	1	1	0	1
297054	1	1	1	0	0	0	0	1	0	0	1	1	1	1	1	1	0	1
297055	1	1	1	0	0	0	0	1	0	0	1	1	1	1	1	1	0	1
297056	1	1	1	0	0	0	0	1	0	0	1	1	1	1	1	1	0	1
297057	1	1	1	0	0	0	0	1	0	0	1	1	1	1	1	1	0	1
297058	1	1	1	0	0	0	0	1	0	0	1	1	1	1	1	1	0	1
297059	1	1	1	0	0	0	0	1	0	0	1	1	1	1	1	1	0	1
297060	1	1	1	0	0	0	0	1	0	0	1	1	1	1	1	1	0	1
297061	1	1	1	0	0	0	0	1	0	0	1	1	1	1	1	1	0	1
297062	1	1	1	0	0	0	0	1	0	0	1	1	1	1	1	1	0	1
297063	1	1	1	0	0	0	0	1	0	0	1	1	1	1	1	1	0	1
297064	1	1	1	0	0	0	0	1	0	0	1	1	1	1	1	1	0	1
297960	1	1	1	0	0	0	0	1	0	0	1	1	1	1	1	1	0	1
297961	1	1	1	0	0	0	0	1	0	0	1	1	1	1	1	1	0	1
297962	1	1	1	0	0	0	0	1	0	0	1	1	1	1	1	1	0	1
297963	1	1	1	0	0	0	0	1	0	0	1	1	1	1	1	1	0	1
297964	1	1	1	0	0	0	0	1	0	0	1	1	1	1	1	1	0	1
297965	1	1	1	0	0	0	0	1	0	0	1	1	1	1	1	1	0	1
297966	1	1	1	0	1	0	0	1	0	0	1	1	1	1	1	1	0	1
297967	1	1	1	0	0	0	0	1	0	0	1	1	1	1	1	1	0	1
297968	1	1	1	0	0	0	0	1	0	0	1	1	1	1	1	1	0	1
297969	1	1	1	0	0	0	0	1	0	0	1	1	1	1	1	1	0	1
297970	1	1	1	0	0	0	0	1	0	0	1	1	1	1	1	1	0	1
297971	1	1	1	0	0	0	0	1	0	0	1	1	1	1	1	1	0	1
297972	1	1	1	0	0	0	0	1	0	0	1	1	1	1	1	1	0	1
297973	1	1	1	0	0	0	0	1	0	0	1	1	1	1	1	1	0	1
297974	1	1	1	0	0	0	0	1	0	0	1	1	1	1	1	1	0	1
297975	1	1	1	0	0	0	0	1	0	0	1	1	1	1	1	1	0	1
297976	1	1	1	0	0	0	0	1	0	0	1	1	1	1	1	1	0	1
297977	1	1	1	0	0	0	0	1	0	0	1	1	1	1	1	1	0	1
297978	1	1	1	0	0	0	0	1	0	0	1	1	1	1	1	1	0	1
297979	1	1	1	0	0	0	0	1	0	0	1	1	1	1	1	1	0	1
297980	1	1	1	0	0	0	0	1	0	0	1	1	1	1	1	1	0	1
297981	1	1	1	0	0	0	0	1	0	0	1	1	1	1	1	1	0	1
297982	1	1	1	0	0	0	0	1	0	0	1	1	1	1	1	1	0	1
297983	1	1	1	0	0	0	0	1	0	0	1	1	1	1	1	1	0	1
297984	1	1	1	0	0	0	0	1	0	0	1	1	1	1	1	1	0	1
297985	1	1	1	0	0	0	0	1	0	0	1	1	1	1	1	1	0	1
297986	1	1	1	0	0	0	0	1	0	0	1	1	1	1	1	1	0	1
297987	1	1	1	0	0	0	0	1	0	0	1	1	1	1	1	1	0	1
297988	1	1	1	0	0	0	0	1	0	0	1	1	1	1	1	1	0	1
297989	1	1	1	0	0	0	0	1	0	0	1	1	1	1	1	1	0	1
297990	1	1	1	0	0	0	0	1	0	0	1	1	1	1	1	1	0	1
297991	1	1	1	0	0	0	0	1	0	0	1	1	1	1	1	1	0	1
297992	1	1	1	0	0	0	0	1	0	0	1	1	1	1	1	1	0	1
298889	1	1	1	0	0	0	0	1	0	0	1	1	1	1	1	1	0	1
298890	1	1	1	0	0	0	0	1	0	0	1	1	1	1	1	1	0	1
298891	1	1	1	0	0	0	0	1	0	0	1	1	1	1	1	1	0	1
298892	1	1	1	0	0	0	0	1	0	0	1	1	1	1	1	1	0	1
298893	1	1	1	0	0	0	0	1	0	0	1	1	1	1	1	1	0	1
298894	1	1	1	0	0	0	0	1	0	0	1	1	1	1	1	1	0	1
298895	1	1	1	0	0	0	0	1	0	0	1	1	1	1	1	1	0	1
298896	1	1	1	0	0	0	0	1	0	0	1	1	1	1	1	1	0	1
298897	1	1	1	0	0	0	0	1	0	0	1	1	1	1	1	1	0	1
298898	1	1	1	0	0	0	0	1	0	0	1	1	1	1	1	1	0	1
298899	1	1	1	0	0	0	0	1	0	0	1	1	1	1	1	1	0	1
298900	1	1	1	0	0	0	0	1	0	0	1	1	1	1	1	1	0	1
298901	1	1	1	0	0	0	0	1	0	0	1	1	1	1	1	1	0	1
298902	1	1	1	0	0	0	0	1	0	0	1	1	1	1	1	1	0	1
298903	1	1	1	0	0	0	0	1	0	0	1	1	1	1	1	1	0	1
298904	1	1	1	0	0	0	0	1	0	0	1	1	1	1	1	1	0	1
298905	1	1	1	0	0	0	0	1	0	0	1	1	1	1	1	1	0	1
298906	1	1	1	0	0	0	0	1	0	0	1	1	1	1	1	1	0	1
298907	1	1	1	0	0	0	0	1	0	0	1	1	1	1	1	1	0	1
298908	1	1	1	0	0	0	0	1	0	0	1	1	1	1	1	1	0	1
298909	1	1	1	0	0	0	0	1	0	0	1	1	1	1	1	1	0	1
298910	1	1	1	0	0	0	0	1	0	0	1	1	1	1	1	1	0	1
298911	1	1	1	0	0	0	0	1	0	0	1	1	1	1	1	1	0	1
298912	1	1	1	0	0	0	0	1	0	0	1	1	1	1	1	1	0	1
298913	1	1	1	0	0	0	0	1	0	0	1	1	1	1	1	1	0	1
298914	1	1	1	0	0	0	0	1	0	0	1	1	1	1	1	1	0	1
298915	1	1	1	0	0	0	0	1	0	0	1	1	1	1	1	1	0	1
298916	1	1	1	0	0	0	0	1	0	0	1	1	1	1	1	1	0	1
298917	1	1	1	0	0	0	0	1	0	0	1	1	1	1	1	1	0	1
298918	1	1	1	0	0	0	0	1	0	0	1	1	1	1	1	1	0	1
298919	1	1	1	0	0	0	0	1	0	0	1	1	1	1	1	1	0	1
298920	1	1	1	0	0	0	0	1	0	0	1	1	1	1	1	1	0	1
299816	1	1	1	0	0	0	0	1	0	0	1	1	1	1	1	1	0	1
299817	1	1	1	0	0	0	0	1	0	0	1	1	1	1	1	1	0	1
299818	1	1	1	0	0	0	0	1	0	0	1	1	1	1	1	1	0	1
299819	1	1	1	0	0	0	0	1	0	0	1	1	1	1	1	1	0	1
299820	1	1	1	0	0	0	0	1	0	0	1	1	1	1	1	1	0	1
299821	1	1	1	0	1	0	0	1	0	0	1	1	1	1	1	1	0	1
299822	1	1	1	0	0	0	0	1	0	0	1	1	1	1	1	1	0	1
299823	1	1	1	0	0	0	0	1	0	0	1	1	1	1	1	1	0	1
299824	1	1	1	0	0	0	0	1	0	0	1	1	1	1	1	1	0	1
299825	1	1	1	0	0	0	0	1	0	0	1	1	1	1	1	1	0	1
299826	1	1	1	0	1	0	0	1	0	0	1	1	1	1	1	1	0	1
299827	1	1	1	0	0	0	0	1	0	0	1	1	1	1	1	1	0	1
299828	1	1	1	0	0	0	0	1	0	0	1	1	1	1	1	1	0	1
299829	1	1	1	0	0	0	0	1	0	0	1	1	1	1	1	1	0	1
299830	1	1	1	0	0	0	0	1	0	0	1	1	1	1	1	1	0	1
299831	1	1	1	0	0	0	0	1	0	0	1	1	1	1	1	1	0	1
299832	1	1	1	0	0	0	0	1	0	0	1	1	1	1	1	1	0	1
299833	1	1	1	0	0	0	0	1	0	0	1	1	1	1	1	1	0	1
299834	1	1	1	0	0	0	0	1	0	0	1	1	1	1	1	1	0	1
299835	1	1	1	0	0	0	0	1	0	0	1	1	1	1	1	1	0	1
299836	1	1	1	0	0	0	0	1	0	0	1	1	1	1	1	1	0	1
299837	1	1	1	0	0	0	0	1	0	0	1	1	1	1	1	1	0	1
299838	1	1	1	0	0	0	0	1	0	0	1	1	1	1	1	1	0	1
299839	1	1	1	0	0	0	0	1	0	0	1	1	1	1	1	1	0	1
299840	1	1	1	0	0	0	0	1	0	0	1	1	1	1	1	1	0	1
299841	1	1	1	0	0	0	0	1	0	0	1	1	1	1	1	1	0	1
299842	1	1	1	0	0	0	0	1	0	0	1	1	1	1	1	1	0	1
299843	1	1	1	0	0	0	0	1	0	0	1	1	1	1	1	1	0	1
299844	1	1	1	0	0	0	0	1	0	0	1	1	1	1	1	1	0	1
299845	1	1	1	0	0	0	0	1	0	0	1	1	1	1	1	1	0	1
299846	1	1	1	0	0	0	0	1	0	0	1	1	1	1	1	1	0	1
299847	1	1	1	0	0	0	0	1	0	0	1	1	1	1	1	1	0	1
299848	1	1	1	0	0	0	0	1	0	0	1	1	1	1	1	1	0	1
300744	1	1	1	0	0	0	0	1	0	0	1	1	1	1	1	1	0	1
300745	1	1	1	0	0	0	0	1	0	0	1	1	1	1	1	1	0	1
300746	1	1	1	0	0	0	0	1	0	0	1	1	1	1	1	1	0	1
300747	1	1	1	0	0	0	0	1	0	0	1	1	1	1	1	1	0	1
300748	1	1	1	0	0	0	0	1	0	0	1	1	1	1	1	1	0	1
300749	1	1	1	0	0	0	0	1	0	0	1	1	1	1	1	1	0	1
300750	1	1	1	0	0	0	0	1	0	0	1	1	1	1	1	1	0	1
300751	1	1	1	0	0	0	0	1	0	0	1	1	1	1	1	1	0	1
300752	1	1	1	0	0	0	0	1	0	0	1	1	1	1	1	1	0	1
300753	1	1	1	0	0	0	0	1	0	0	1	1	1	1	1	1	0	1
300754	1	1	1	1	1	0	0	1	0	0	1	1	1	1	1	1	0	1
300755	1	1	1	0	1	0	0	1	0	0	1	1	1	1	1	1	0	1
300756	1	1	1	0	1	0	0	1	0	0	1	1	1	1	1	1	0	1
300757	1	1	1	0	0	0	0	1	0	0	1	1	1	1	1	1	0	1
300758	1	1	1	0	0	0	0	1	0	0	1	1	1	1	1	1	0	1
300759	1	1	1	0	0	0	0	1	0	0	1	1	1	1	1	1	0	1
300760	1	1	1	0	0	0	0	1	0	0	1	1	1	1	1	1	0	1
300761	1	1	1	0	0	0	0	1	0	0	1	1	1	1	1	1	0	1
300762	1	1	1	0	0	0	0	1	0	0	1	1	1	1	1	1	0	1
300763	1	1	1	0	0	0	0	1	0	0	1	1	1	1	1	1	0	1
300764	1	1	1	0	0	0	0	1	0	0	1	1	1	1	1	1	0	1
300765	1	1	1	0	0	0	0	1	0	0	1	1	1	1	1	1	0	1
300766	1	1	1	0	0	0	0	1	0	0	1	1	1	1	1	1	0	1
300767	1	1	1	0	0	0	0	1	0	0	1	1	1	1	1	1	0	1
300768	1	1	1	0	0	0	0	1	0	0	1	1	1	1	1	1	0	1
300769	1	1	1	0	0	0	0	1	0	0	1	1	1	1	1	1	0	1
300770	1	1	1	0	0	0	0	1	0	0	1	1	1	1	1	1	0	1
300771	1	1	1	0	0	0	0	1	0	0	1	1	1	1	1	1	0	1
300772	1	1	1	0	0	0	0	1	0	0	1	1	1	1	1	1	0	1
300773	1	1	1	0	0	0	0	1	0	0	1	1	1	1	1	1	0	1
300774	1	1	1	0	0	0	0	1	0	0	1	1	1	1	1	1	0	1
301672	1	1	1	0	0	0	0	1	0	0	1	1	1	1	1	1	0	1
301673	1	1	1	0	0	0	0	1	0	0	1	1	1	1	1	1	0	1
301674	1	1	1	0	0	0	0	1	0	0	1	1	1	1	1	1	0	1
301675	1	1	1	0	0	0	0	1	0	0	1	1	1	1	1	1	0	1
301676	1	1	1	0	0	0	0	1	0	0	1	1	1	1	1	1	0	1
301677	1	1	1	0	0	0	0	1	0	0	1	1	1	1	1	1	0	1
301678	1	1	1	0	1	0	0	1	0	0	1	1	1	1	1	1	0	1
301679	1	1	1	0	0	0	0	1	0	0	1	1	1	1	1	1	0	1
301680	1	1	1	0	0	0	0	1	0	0	1	1	1	1	1	1	0	1
301681	1	1	1	0	0	0	0	1	0	0	1	1	1	1	1	1	0	1
301682	1	1	1	0	0	0	0	1	0	0	1	1	1	1	1	1	0	1
301683	1	1	1	0	0	0	0	1	0	0	1	1	1	1	1	1	0	1
301684	1	1	1	0	1	0	0	1	0	0	1	1	1	1	1	1	0	1
301685	1	1	1	0	0	0	0	1	0	0	1	1	1	1	1	1	0	1
301686	1	1	1	0	0	0	0	1	0	0	1	1	1	1	1	1	0	1
301687	1	1	1	0	0	0	0	1	0	0	1	1	1	1	1	1	0	1
301688	1	1	1	0	0	0	0	1	0	0	1	1	1	1	1	1	0	1
301689	1	1	1	0	0	0	0	1	0	0	1	1	1	1	1	1	0	1
301690	1	1	1	0	0	0	0	1	0	0	1	1	1	1	1	1	0	1
301691	1	1	1	0	0	0	0	1	0	0	1	1	1	1	1	1	0	1
301692	1	1	1	0	0	0	0	1	0	0	1	1	1	1	1	1	0	1
301693	1	1	1	0	0	0	0	1	0	0	1	1	1	1	1	1	0	1
301694	1	1	1	0	0	0	0	1	0	0	1	1	1	1	1	1	0	1
301695	1	1	1	0	0	0	0	1	0	0	1	1	1	1	1	1	0	1
301696	1	1	1	0	0	0	0	1	0	0	1	1	1	1	1	1	0	1
301697	1	1	1	0	0	0	0	1	0	0	1	1	1	1	1	1	0	1
301698	1	1	1	0	0	0	0	1	0	0	1	1	1	1	1	1	0	1
301699	1	1	1	0	0	0	0	1	0	0	1	1	1	1	1	1	0	1
301700	1	1	1	0	0	0	0	1	0	0	1	1	1	1	1	1	0	1
301701	1	1	1	0	0	0	0	1	0	0	1	1	1	1	1	1	0	1
301702	1	1	1	0	0	0	0	1	0	0	1	1	1	1	1	1	0	1
301703	1	1	1	0	0	0	0	1	0	0	1	1	1	1	1	1	0	1
301704	1	1	1	0	0	0	0	1	0	0	1	1	1	1	1	1	0	1
301705	1	1	1	0	0	0	0	1	0	0	1	1	1	1	1	1	0	1
301706	1	1	1	0	0	0	0	1	0	0	1	1	1	1	1	1	0	1
302600	1	1	1	0	0	0	0	1	0	0	1	1	1	1	1	1	0	1
302601	1	1	1	0	0	0	0	1	0	0	1	1	1	1	1	1	0	1
302602	1	1	1	0	0	0	0	1	0	0	1	1	1	1	1	1	0	1
302603	1	1	1	0	0	0	0	1	0	0	1	1	1	1	1	1	0	1
302604	1	1	1	0	0	0	0	1	0	0	1	1	1	1	1	1	0	1
302605	1	1	1	0	0	0	0	1	0	0	1	1	1	1	1	1	0	1
302606	1	1	1	0	0	0	0	1	0	0	1	1	1	1	1	1	0	1
302607	1	1	1	0	0	0	0	1	0	0	1	1	1	1	1	1	0	1
302608	1	1	1	0	0	0	0	1	0	0	1	1	1	1	1	1	0	1
302609	1	1	1	0	0	0	0	1	0	0	1	1	1	1	1	1	0	1
302610	1	1	1	0	0	0	0	1	0	0	1	1	1	1	1	1	0	1
302611	1	1	1	0	1	0	0	1	0	0	1	1	1	1	1	1	0	1
302612	1	1	1	0	0	0	0	1	0	0	1	1	1	1	1	1	0	1
302613	1	1	1	0	1	0	0	1	0	0	1	1	1	1	1	1	0	1
302614	1	1	1	0	0	0	0	1	0	0	1	1	1	1	1	1	0	1
302615	1	1	1	0	0	0	0	1	0	0	1	1	1	1	1	1	0	1
302616	1	1	1	0	0	0	0	1	0	0	1	1	1	1	1	1	0	1
302617	1	1	1	0	0	0	0	1	0	0	1	1	1	1	1	1	0	1
302618	1	1	1	0	0	0	0	1	0	0	1	1	1	1	1	1	0	1
302619	1	1	1	0	0	0	0	1	0	0	1	1	1	1	1	1	0	1
302620	1	1	1	0	0	0	0	1	0	0	1	1	1	1	1	1	0	1
302621	1	1	1	0	0	0	0	1	0	0	1	1	1	1	1	1	0	1
302622	1	1	1	0	0	0	0	1	0	0	1	1	1	1	1	1	0	1
302623	1	1	1	0	0	0	0	1	0	0	1	1	1	1	1	1	0	1
302624	1	1	1	0	0	0	0	1	0	0	1	1	1	1	1	1	0	1
302625	1	1	1	0	0	0	0	1	0	0	1	1	1	1	1	1	0	1
302626	1	1	1	0	0	0	0	1	0	0	1	1	1	1	1	1	0	1
302627	1	1	1	0	0	0	0	1	0	0	1	1	1	1	1	1	0	1
302628	1	1	1	0	0	0	0	1	0	0	1	1	1	1	1	1	0	1
302629	1	1	1	0	0	0	0	1	0	0	1	1	1	1	1	1	0	1
302630	1	1	1	0	0	0	0	1	0	0	1	1	1	1	1	1	0	1
302631	1	1	1	0	0	0	0	1	0	0	1	1	1	1	1	1	0	1
302632	1	1	1	0	0	0	0	1	0	0	1	1	1	1	1	1	0	1
302633	1	1	1	0	0	0	0	1	0	0	1	1	1	1	1	1	0	1
302634	1	1	1	0	0	0	0	1	0	0	1	1	1	1	1	1	0	1
302635	1	1	1	0	0	0	0	1	0	0	1	1	1	1	1	1	0	1
302636	1	1	1	0	0	0	0	1	0	0	1	1	1	1	1	1	0	1
302637	1	1	1	0	0	0	0	1	0	0	1	1	1	1	1	1	0	1
303529	1	1	1	0	0	0	0	1	0	0	1	1	1	1	1	1	0	1
303530	1	1	1	0	0	0	0	1	0	0	1	1	1	1	1	1	0	1
303531	1	1	1	0	0	0	0	1	0	0	1	1	1	1	1	1	0	1
303532	1	1	1	0	0	0	0	1	0	0	1	1	1	1	1	1	0	1
303533	1	1	1	0	0	0	0	1	0	0	1	1	1	1	1	1	0	1
303534	1	1	1	1	1	1	0	1	0	0	1	1	1	1	1	1	0	1
303535	1	1	1	0	0	0	0	1	0	0	1	1	1	1	1	1	0	1
303536	1	1	1	0	0	0	0	1	0	0	1	1	1	1	1	1	0	1
303537	1	1	1	1	1	1	0	1	0	0	1	1	1	1	1	1	0	1
303538	1	1	1	0	0	0	0	1	0	0	1	1	1	1	1	1	0	1
303539	1	1	1	0	0	0	0	1	0	0	1	1	1	1	1	1	0	1
303540	1	1	1	0	0	0	0	1	0	0	1	1	1	1	1	1	0	1
303541	1	1	1	0	0	0	0	1	0	0	1	1	1	1	1	1	0	1
303542	1	1	1	0	0	0	0	1	0	0	1	1	1	1	1	1	0	1
303543	1	1	1	0	0	0	0	1	0	0	1	1	1	1	1	1	0	1
303544	1	1	1	0	0	0	0	1	0	0	1	1	1	1	1	1	0	1
303545	1	1	1	0	0	0	0	1	0	0	1	1	1	1	1	1	0	1
303546	1	1	1	0	0	0	0	1	0	0	1	1	1	1	1	1	0	1
303547	1	1	1	0	0	0	0	1	0	0	1	1	1	1	1	1	0	1
303548	1	1	1	0	0	0	0	1	0	0	1	1	1	1	1	1	0	1
303549	1	1	1	0	0	0	0	1	0	0	1	1	1	1	1	1	0	1
303550	1	1	1	0	0	0	0	1	0	0	1	1	1	1	1	1	0	1
303551	1	1	1	0	0	0	0	1	0	0	1	1	1	1	1	1	0	1
303552	1	1	1	0	0	0	0	1	0	0	1	1	1	1	1	1	0	1
303553	1	1	1	0	0	0	0	1	0	0	1	1	1	1	1	1	0	1
303554	1	1	1	0	0	0	0	1	0	0	1	1	1	1	1	1	0	1
303555	1	1	1	0	0	0	0	1	0	0	1	1	1	1	1	1	0	1
303556	1	1	1	0	0	0	0	1	0	0	1	1	1	1	1	1	0	1
303557	1	1	1	0	0	0	0	1	0	0	1	1	1	1	1	1	0	1
303558	1	1	1	0	0	0	0	1	0	0	1	1	1	1	1	1	0	1
303559	1	1	1	0	0	0	0	1	0	0	1	1	1	1	1	1	0	1
303560	1	1	1	0	0	0	0	1	0	0	1	1	1	1	1	1	0	1
303561	1	1	1	0	0	0	0	1	0	0	1	1	1	1	1	1	0	1
303562	1	1	1	0	0	0	0	1	0	0	1	1	1	1	1	1	0	1
303563	1	1	1	0	0	0	0	1	0	0	1	1	1	1	1	1	0	1
303564	1	1	1	0	0	0	0	1	0	0	1	1	1	1	1	1	0	1
303565	1	1	1	0	0	0	0	1	0	0	1	1	1	1	1	1	0	1
303566	1	1	1	0	0	0	0	1	0	0	1	1	1	1	1	1	0	1
303567	1	1	1	0	0	0	0	1	0	0	1	1	1	1	1	1	0	1
304458	1	1	1	0	0	0	0	1	0	0	1	1	1	1	1	1	0	1
304459	1	1	1	0	0	0	0	1	0	0	1	1	1	1	1	1	0	1
304460	1	1	1	0	0	0	0	1	0	0	1	1	1	1	1	1	0	1
304461	1	1	1	0	0	0	0	1	0	0	1	1	1	1	1	1	0	1
304462	1	1	1	1	1	1	0	1	0	0	1	1	1	1	1	1	0	1
304463	1	1	1	0	0	0	0	1	0	0	1	1	1	1	1	1	0	1
304464	1	1	1	0	0	0	0	1	0	0	1	1	1	1	1	1	0	1
304465	1	1	1	1	1	1	0	1	0	0	1	1	1	1	1	1	0	1
304466	1	1	1	0	0	0	0	1	0	0	1	1	1	1	1	1	0	1
304467	1	1	1	0	0	0	0	1	0	0	1	1	1	1	1	1	0	1
304468	1	1	1	0	0	0	0	1	0	0	1	1	1	1	1	1	0	1
304469	1	1	1	0	0	0	0	1	0	0	1	1	1	1	1	1	0	1
304470	1	1	1	0	0	0	0	1	0	0	1	1	1	1	1	1	0	1
304471	1	1	1	1	1	0	0	1	0	0	1	1	1	1	1	1	0	1
304472	1	1	1	1	1	0	0	1	0	0	1	1	1	1	1	1	0	1
304473	1	1	1	0	0	0	0	1	0	0	1	1	1	1	1	1	0	1
304474	1	1	1	0	0	0	0	1	0	0	1	1	1	1	1	1	0	1
304475	1	1	1	0	0	0	0	1	0	0	1	1	1	1	1	1	0	1
304476	1	1	1	0	0	0	0	1	0	0	1	1	1	1	1	1	0	1
304477	1	1	1	0	0	0	0	1	0	0	1	1	1	1	1	1	0	1
304478	1	1	1	0	0	0	0	1	0	0	1	1	1	1	1	1	0	1
304479	1	1	1	0	0	0	0	1	0	0	1	1	1	1	1	1	0	1
304480	1	1	1	0	0	0	0	1	0	0	1	1	1	1	1	1	0	1
304481	1	1	1	0	0	0	0	1	0	0	1	1	1	1	1	1	0	1
304482	1	1	1	0	0	0	0	1	0	0	1	1	1	1	1	1	0	1
304483	1	1	1	0	0	0	0	1	0	0	1	1	1	1	1	1	0	1
304484	1	1	1	0	0	0	0	1	0	0	1	1	1	1	1	1	0	1
304485	1	1	1	1	1	1	0	1	0	0	1	1	1	1	1	1	0	1
304486	1	1	1	0	0	0	0	1	0	0	1	1	1	1	1	1	0	1
304487	1	1	1	0	0	0	0	1	0	0	1	1	1	1	1	1	0	1
304488	1	1	1	0	0	0	0	1	0	0	1	1	1	1	1	1	0	1
304489	1	1	1	0	0	0	0	1	0	0	1	1	1	1	1	1	0	1
304490	1	1	1	0	0	0	0	1	0	0	1	1	1	1	1	1	0	1
304491	1	1	1	0	0	0	0	1	0	0	1	1	1	1	1	1	0	1
304492	1	1	1	0	0	0	0	1	0	0	1	1	1	1	1	1	0	1
304493	1	1	1	0	0	0	0	1	0	0	1	1	1	1	1	1	0	1
304494	1	1	1	0	0	0	0	1	0	0	1	1	1	1	1	1	0	1
304495	1	1	1	0	0	0	0	1	0	0	1	1	1	1	1	1	0	1
305385	1	1	1	0	0	0	0	1	0	0	1	1	1	1	1	1	0	1
305386	1	1	1	0	0	0	0	1	0	0	1	1	1	1	1	1	0	1
305387	1	1	1	0	0	0	0	1	0	0	1	1	1	1	1	1	0	1
305388	1	1	1	0	0	0	0	1	0	0	1	1	1	1	1	1	0	1
305389	1	1	1	0	0	0	0	1	0	0	1	1	1	1	1	1	0	1
305390	1	1	1	0	0	0	0	1	0	0	1	1	1	1	1	1	0	1
305391	1	1	1	0	0	0	0	1	0	0	1	1	1	1	1	1	0	1
305392	1	1	1	0	0	0	0	1	0	0	1	1	1	1	1	1	0	1
305393	1	1	1	0	0	0	0	1	0	0	1	1	1	1	1	1	0	1
305394	1	1	1	0	0	0	0	1	0	0	1	1	1	1	1	1	0	1
305395	1	1	1	0	0	0	0	1	0	0	1	1	1	1	1	1	0	1
305396	1	1	1	0	0	0	0	1	0	0	1	1	1	1	1	1	0	1
305397	1	1	1	0	0	0	0	1	0	0	1	1	1	1	1	1	0	1
305398	1	1	1	0	0	0	0	1	0	0	1	1	1	1	1	1	0	1
305399	1	1	1	0	0	0	0	1	0	0	1	1	1	1	1	1	0	1
305400	1	1	1	0	0	0	0	1	0	0	1	1	1	1	1	1	0	1
305401	1	1	1	1	1	0	0	1	0	0	1	1	1	1	1	1	0	1
305402	1	1	1	0	0	0	0	1	0	0	1	1	1	1	1	1	0	1
305403	1	1	1	0	0	0	0	1	0	0	1	1	1	1	1	1	0	1
305404	1	1	1	0	0	0	0	1	0	0	1	1	1	1	1	1	0	1
305405	1	1	1	0	0	0	0	1	0	0	1	1	1	1	1	1	0	1
305406	1	1	1	0	0	0	0	1	0	0	1	1	1	1	1	1	0	1
305407	1	1	1	0	0	0	0	1	0	0	1	1	1	1	1	1	0	1
305408	1	1	1	0	0	0	0	1	0	0	1	1	1	1	1	1	0	1
305409	1	1	1	0	0	0	0	1	0	0	1	1	1	1	1	1	0	1
305410	1	1	1	0	0	0	0	1	0	0	1	1	1	1	1	1	0	1
305411	1	1	1	0	0	0	0	1	0	0	1	1	1	1	1	1	0	1
305412	1	1	1	0	0	0	0	1	0	0	1	1	1	1	1	1	0	1
305413	1	1	1	0	0	0	0	1	0	0	1	1	1	1	1	1	0	1
305414	1	1	1	0	0	0	0	1	0	0	1	1	1	1	1	1	0	1
305415	1	1	1	0	0	0	0	1	0	0	1	1	1	1	1	1	0	1
305416	1	1	1	0	0	0	0	1	0	0	1	1	1	1	1	1	0	1
305417	1	1	1	0	0	0	0	1	0	0	1	1	1	1	1	1	0	1
305418	1	1	1	0	0	0	0	1	0	0	1	1	1	1	1	1	0	1
305419	1	1	1	0	0	0	0	1	0	0	1	1	1	1	1	1	0	1
305420	1	1	1	0	0	0	0	1	0	0	1	1	1	1	1	1	0	1
305421	1	1	1	0	0	0	0	1	0	0	1	1	1	1	1	1	0	1
305422	1	1	1	0	0	0	0	1	0	0	1	1	1	1	1	1	0	1
306310	1	1	1	0	0	0	0	1	0	0	1	1	1	1	1	1	0	1
306311	1	1	1	0	0	0	0	1	0	0	1	1	1	1	1	1	0	1
306312	1	1	1	0	0	0	0	1	0	0	1	1	1	1	1	1	0	1
306313	1	1	1	1	1	1	0	1	0	0	1	1	1	1	1	1	0	1
306314	1	1	1	1	1	1	0	1	0	0	1	1	1	1	1	1	0	1
306315	1	1	1	1	1	1	0	1	0	0	1	1	1	1	1	1	0	1
306316	1	1	1	1	1	1	0	1	0	0	1	1	1	1	1	1	0	1
306317	1	1	1	0	0	0	0	1	0	0	1	1	1	1	1	1	0	1
306318	1	1	1	0	0	0	0	1	0	0	1	1	1	1	1	1	0	1
306319	1	1	1	0	0	0	0	1	0	0	1	1	1	1	1	1	0	1
306320	1	1	1	0	0	0	0	1	0	0	1	1	1	1	1	1	0	1
306321	1	1	1	0	0	0	0	1	0	0	1	1	1	1	1	1	0	1
306322	1	1	1	0	0	0	0	1	0	0	1	1	1	1	1	1	0	1
306323	1	1	1	0	0	0	0	1	0	0	1	1	1	1	1	1	0	1
306324	1	1	1	0	0	0	0	1	0	0	1	1	1	1	1	1	0	1
306325	1	1	1	0	0	0	0	1	0	0	1	1	1	1	1	1	0	1
306326	1	1	1	0	0	0	0	1	0	0	1	1	1	1	1	1	0	1
306327	1	1	1	0	0	0	0	1	0	0	1	1	1	1	1	1	0	1
306328	1	1	1	0	0	0	0	1	0	0	1	1	1	1	1	1	0	1
306329	1	1	1	1	1	0	0	1	0	0	1	1	1	1	1	1	0	1
306330	1	1	1	0	0	0	0	1	0	0	1	1	1	1	1	1	0	1
306331	1	1	1	0	0	0	0	1	0	0	1	1	1	1	1	1	0	1
306332	1	1	1	0	0	0	0	1	0	0	1	1	1	1	1	1	0	1
306333	1	1	1	0	0	0	0	1	0	0	1	1	1	1	1	1	0	1
306334	1	1	1	0	0	0	0	1	0	0	1	1	1	1	1	1	0	1
306335	1	1	1	0	0	0	0	1	0	0	1	1	1	1	1	1	0	1
306336	1	1	1	0	0	0	0	1	0	0	1	1	1	1	1	1	0	1
306337	1	1	1	0	0	0	0	1	0	0	1	1	1	1	1	1	0	1
306338	1	1	1	0	0	0	0	1	0	0	1	1	1	1	1	1	0	1
306339	1	1	1	0	0	0	0	1	0	0	1	1	1	1	1	1	0	1
306340	1	1	1	0	0	0	0	1	0	0	1	1	1	1	1	1	0	1
306341	1	1	1	0	0	0	0	1	0	0	1	1	1	1	1	1	0	1
306342	1	1	1	0	0	0	0	1	0	0	1	1	1	1	1	1	0	1
306343	1	1	1	0	0	0	0	1	0	0	1	1	1	1	1	1	0	1
306344	1	1	1	0	0	0	0	1	0	0	1	1	1	1	1	1	0	1
306345	1	1	1	0	0	0	0	1	0	0	1	1	1	1	1	1	0	1
306346	1	1	1	0	0	0	0	1	0	0	1	1	1	1	1	1	0	1
306347	1	1	1	0	0	0	0	1	0	0	1	1	1	1	1	1	0	1
306348	1	1	1	0	0	0	0	1	0	0	1	1	1	1	1	1	0	1
306349	1	1	1	0	0	0	0	1	0	0	1	1	1	1	1	1	0	1
306350	1	1	1	0	0	0	0	1	0	0	1	1	1	1	1	1	0	1
306351	1	1	1	0	0	0	0	1	0	0	1	1	1	1	1	1	0	1
307237	1	1	1	0	0	0	0	1	0	0	1	1	1	1	1	1	0	1
307238	1	1	1	0	0	0	0	1	0	0	1	1	1	1	1	1	0	1
307239	1	1	1	0	0	0	0	1	0	0	1	1	1	1	1	1	0	1
307240	1	1	1	0	0	0	0	1	0	0	1	1	1	1	1	1	0	1
307241	1	1	1	0	0	0	0	1	0	0	1	1	1	1	1	1	0	1
307242	1	1	1	1	1	0	0	1	0	0	1	1	1	1	1	1	0	1
307243	1	1	1	0	0	0	0	1	0	0	1	1	1	1	1	1	0	1
307244	1	1	1	0	0	0	0	1	0	0	1	1	1	1	1	1	0	1
307245	1	1	1	0	0	0	0	1	0	0	1	1	1	1	1	1	0	1
307246	1	1	1	0	0	0	0	1	0	0	1	1	1	1	1	1	0	1
307247	1	1	1	0	0	0	0	1	0	0	1	1	1	1	1	1	0	1
307248	1	1	1	0	0	0	0	1	0	0	1	1	1	1	1	1	0	1
307249	1	1	1	1	1	0	0	1	0	0	1	1	1	1	1	1	0	1
307250	1	1	1	1	1	0	0	1	0	0	1	1	1	1	1	1	0	1
307251	1	1	1	0	0	0	0	1	0	0	1	1	1	1	1	1	0	1
307252	1	1	1	0	0	0	0	1	0	0	1	1	1	1	1	1	0	1
307253	1	1	1	0	0	0	0	1	0	0	1	1	1	1	1	1	0	1
307254	1	1	1	0	0	0	0	1	0	0	1	1	1	1	1	1	0	1
307255	1	1	1	1	1	0	0	1	0	0	1	1	1	1	1	1	0	1
307256	1	1	1	0	0	0	0	1	0	0	1	1	1	1	1	1	0	1
307257	1	1	1	0	0	0	0	1	0	0	1	1	1	1	1	1	0	1
307258	1	1	1	0	0	0	0	1	0	0	1	1	1	1	1	1	0	1
307259	1	1	1	0	0	0	0	1	0	0	1	1	1	1	1	1	0	1
307260	1	1	1	0	0	0	0	1	0	0	1	1	1	1	1	1	0	1
307261	1	1	1	0	0	0	0	1	0	0	1	1	1	1	1	1	0	1
307262	1	1	1	0	0	0	0	1	0	0	1	1	1	1	1	1	0	1
307263	1	1	1	0	0	0	0	1	0	0	1	1	1	1	1	1	0	1
307264	1	1	1	0	0	0	0	1	0	0	1	1	1	1	1	1	0	1
307265	1	1	1	0	0	0	0	1	0	0	1	1	1	1	1	1	0	1
307266	1	1	1	1	1	1	0	1	0	0	1	1	1	1	1	1	0	1
307267	1	1	1	0	0	0	0	1	0	0	1	1	1	1	1	1	0	1
307268	1	1	1	1	1	1	0	1	0	0	1	1	1	1	1	1	0	1
307269	1	1	1	0	0	0	0	1	0	0	1	1	1	1	1	1	0	1
307270	1	1	1	1	1	0	0	1	0	0	1	1	1	1	1	1	0	1
307271	1	1	1	1	1	1	0	1	0	0	1	1	1	1	1	1	0	1
307272	1	1	1	1	1	1	0	1	0	0	1	1	1	1	1	1	0	1
307273	1	1	1	1	1	1	0	1	0	0	1	1	1	1	1	1	0	1
307274	1	1	1	0	0	0	0	1	0	0	1	1	1	1	1	1	0	1
307275	1	1	1	0	0	0	0	1	0	0	1	1	1	1	1	1	0	1
307276	1	1	1	0	0	0	0	1	0	0	1	1	1	1	1	1	0	1
307277	1	1	1	0	0	0	0	1	0	0	1	1	1	1	1	1	0	1
307278	1	1	1	0	0	0	0	1	0	0	1	1	1	1	1	1	0	1
307279	1	1	1	0	0	0	0	1	0	0	1	1	1	1	1	1	0	1
307280	1	1	1	0	0	0	0	1	0	0	1	1	1	1	1	1	0	1
308165	1	1	1	0	0	0	0	1	0	0	1	1	1	1	1	1	0	1
308166	1	1	1	0	0	0	0	1	0	0	1	1	1	1	1	1	0	1
308167	1	1	1	0	0	0	0	1	0	0	1	1	1	1	1	1	0	1
308168	1	1	1	0	0	0	0	1	0	0	1	1	1	1	1	1	0	1
308169	1	1	1	0	0	0	0	1	0	0	1	1	1	1	1	1	0	1
308170	1	1	1	0	0	0	0	1	0	0	1	1	1	1	1	1	0	1
308171	1	1	1	0	0	0	0	1	0	0	1	1	1	1	1	1	0	1
308172	1	1	1	0	0	0	0	1	0	0	1	1	1	1	1	1	0	1
308173	1	1	1	0	0	0	0	1	0	0	1	1	1	1	1	1	0	1
308174	1	1	1	0	0	0	0	1	0	0	1	1	1	1	1	1	0	1
308175	1	1	1	0	0	0	0	1	0	0	1	1	1	1	1	1	0	1
308176	1	1	1	0	0	0	0	1	0	0	1	1	1	1	1	1	0	1
308177	1	1	1	0	0	0	0	1	0	0	1	1	1	1	1	1	0	1
308178	1	1	1	1	1	0	0	1	0	0	1	1	1	1	1	1	0	1
308179	1	1	1	0	0	0	0	1	0	0	1	1	1	1	1	1	0	1
308180	1	1	1	0	0	0	0	1	0	0	1	1	1	1	1	1	0	1
308181	1	1	1	0	0	0	0	1	0	0	1	1	1	1	1	1	0	1
308182	1	1	1	0	0	0	0	1	0	0	1	1	1	1	1	1	0	1
308183	1	1	1	0	0	0	0	1	0	0	1	1	1	1	1	1	0	1
308184	1	1	1	1	1	1	0	1	0	0	1	1	1	1	1	1	1	1
308185	1	1	1	1	1	1	0	1	0	0	1	1	1	1	1	1	0	1
308186	1	1	1	0	0	0	0	1	0	0	1	1	1	1	1	1	0	1
308187	1	1	1	0	0	0	0	1	0	0	1	1	1	1	1	1	0	1
308188	1	1	1	0	0	0	0	1	0	0	1	1	1	1	1	1	0	1
308189	1	1	1	0	0	0	0	1	0	0	1	1	1	1	1	1	0	1
308190	1	1	1	1	1	1	0	1	0	0	1	1	1	1	1	1	0	1
308191	1	1	1	1	1	0	0	1	0	0	1	1	1	1	1	1	0	1
308192	1	1	1	0	0	0	0	1	0	0	1	1	1	1	1	1	0	1
308193	1	1	1	0	0	0	0	1	0	0	1	1	1	1	1	1	0	1
308194	1	1	1	0	0	0	0	1	0	0	1	1	1	1	1	1	0	1
308195	1	1	1	0	0	0	0	1	0	0	1	1	1	1	1	1	0	1
308196	1	1	1	1	1	1	0	1	0	0	1	1	1	1	1	1	0	1
308197	1	1	1	1	1	1	0	1	0	0	1	1	1	1	1	1	0	1
308198	1	1	1	1	1	1	0	1	0	0	1	1	1	1	1	1	0	1
308199	1	1	1	0	0	0	0	1	0	0	1	1	1	1	1	1	0	1
308200	1	1	1	1	1	1	0	1	0	0	1	1	1	1	1	1	0	1
308201	1	1	1	1	1	1	0	1	0	0	1	1	1	1	1	1	0	1
308202	1	1	1	0	0	0	0	1	0	0	1	1	1	1	1	1	0	1
308203	1	1	1	0	0	0	0	1	0	0	1	1	1	1	1	1	0	1
308204	1	1	1	0	0	0	0	1	0	0	1	1	1	1	1	1	0	1
308205	1	1	1	0	0	0	0	1	0	0	1	1	1	1	1	1	0	1
308206	1	1	1	0	0	0	0	1	0	0	1	1	1	1	1	1	0	1
308207	1	1	1	0	0	0	0	1	0	0	1	1	1	1	1	1	0	1
308208	1	1	1	0	0	0	0	1	0	0	1	1	1	1	1	1	0	1
309093	1	1	1	0	0	0	0	1	0	0	1	1	1	1	1	1	0	1
309094	1	1	1	0	0	0	0	1	0	0	1	1	1	1	1	1	0	1
309095	1	1	1	0	0	0	0	1	0	0	1	1	1	1	1	1	0	1
309096	1	1	1	0	0	0	0	1	0	0	1	1	1	1	1	1	0	1
309097	1	1	1	0	0	0	0	1	0	0	1	1	1	1	1	1	0	1
309098	1	1	1	0	0	0	0	1	0	0	1	1	1	1	1	1	0	1
309099	1	1	1	0	0	0	0	1	0	0	1	1	1	1	1	1	0	1
309100	1	1	1	0	0	0	0	1	0	0	1	1	1	1	1	1	0	1
309101	1	1	1	0	0	0	0	1	0	0	1	1	1	1	1	1	0	1
309102	1	1	1	0	0	0	0	1	0	0	1	1	1	1	1	1	0	1
309103	1	1	1	0	0	0	0	1	0	0	1	1	1	1	1	1	0	1
309104	1	1	1	0	0	0	0	1	0	0	1	1	1	1	1	1	0	1
309105	1	1	1	0	0	0	0	1	0	0	1	1	1	1	1	1	0	1
309106	1	1	1	0	0	0	0	1	0	0	1	1	1	1	1	1	0	1
309107	1	1	1	0	0	0	0	1	0	0	1	1	1	1	1	1	0	1
309108	1	1	1	0	0	0	0	1	0	0	1	1	1	1	1	1	0	1
309109	1	1	1	0	0	0	0	1	0	0	1	1	1	1	1	1	0	1
309110	1	1	1	0	0	0	0	1	0	0	1	1	1	1	1	1	0	1
309111	1	1	1	0	0	0	0	1	0	0	1	1	1	1	1	1	0	1
309112	1	1	1	0	0	0	0	1	0	0	1	1	1	1	1	1	0	1
309113	1	1	1	0	0	0	0	1	0	0	1	1	1	1	1	1	0	1
309114	1	1	1	0	0	0	0	1	0	0	1	1	1	1	1	1	0	1
309115	1	1	1	0	0	0	0	1	0	0	1	1	1	1	1	1	0	1
309116	1	1	1	0	0	0	0	1	0	0	1	1	1	1	1	1	0	1
309117	1	1	1	0	0	0	0	1	0	0	1	1	1	1	1	1	0	1
309118	1	1	1	0	0	0	0	1	0	0	1	1	1	1	1	1	0	1
309119	1	1	1	1	1	0	0	1	0	0	1	1	1	1	1	1	0	1
309120	1	1	1	0	0	0	0	1	0	0	1	1	1	1	1	1	0	1
309121	1	1	1	0	0	0	0	1	0	0	1	1	1	1	1	1	0	1
309122	1	1	1	0	0	0	0	1	0	0	1	1	1	1	1	1	0	1
309123	1	1	1	1	1	1	0	1	0	0	1	1	1	1	1	1	0	1
309124	1	1	1	1	1	1	0	1	0	0	1	1	1	1	1	1	0	1
309125	1	1	1	1	1	1	0	1	0	0	1	1	1	1	1	1	0	1
309126	1	1	1	1	1	0	0	1	0	0	1	1	1	1	1	1	0	1
309127	1	1	1	1	1	1	0	1	0	0	1	1	1	1	1	1	0	1
309128	1	1	1	1	1	1	0	1	0	0	1	1	1	1	1	1	0	1
309129	1	1	1	1	1	1	0	1	0	0	1	1	1	1	1	1	0	1
309130	1	1	1	1	1	1	0	1	0	0	1	1	1	1	1	1	0	1
309131	1	1	1	1	1	0	0	1	0	0	1	1	1	1	1	1	0	1
309132	1	1	1	0	0	0	0	1	0	0	1	1	1	1	1	1	0	1
309133	1	1	1	0	0	0	0	1	0	0	1	1	1	1	1	1	0	1
309134	1	1	1	0	0	0	0	1	0	0	1	1	1	1	1	1	0	1
309135	1	1	1	0	0	0	0	1	0	0	1	1	1	1	1	1	0	1
309136	1	1	1	0	0	0	0	1	0	0	1	1	1	1	1	1	0	1
309137	1	1	1	0	0	0	0	1	0	0	1	1	1	1	1	1	0	1
310022	1	1	1	0	0	0	0	1	0	0	1	1	1	1	1	1	0	1
310023	1	1	1	0	0	0	0	1	0	0	1	1	1	1	1	1	0	1
310024	1	1	1	0	0	0	0	1	0	0	1	1	1	1	1	1	0	1
310025	1	1	1	0	0	0	0	1	0	0	1	1	1	1	1	1	0	1
310026	1	1	1	0	0	0	0	1	0	0	1	1	1	1	1	1	0	1
310027	1	1	1	0	0	0	0	1	0	0	1	1	1	1	1	1	0	1
310028	1	1	1	0	0	0	0	1	0	0	1	1	1	1	1	1	0	1
310029	1	1	1	0	0	0	0	1	0	0	1	1	1	1	1	1	0	1
310030	1	1	1	0	0	0	0	1	0	0	1	1	1	1	1	1	0	1
310031	1	1	1	0	0	0	0	1	0	0	1	1	1	1	1	1	0	1
310032	1	1	1	0	0	0	0	1	0	0	1	1	1	1	1	1	0	1
310033	1	1	1	0	0	0	0	1	0	0	1	1	1	1	1	1	0	1
310034	1	1	1	0	0	0	0	1	0	0	1	1	1	1	1	1	0	1
310035	1	1	1	1	1	1	0	1	0	0	1	1	1	1	1	1	0	1
310036	1	1	1	1	1	1	0	1	0	0	1	1	1	1	1	1	1	1
310037	1	1	1	1	1	1	0	1	0	0	1	1	1	1	1	1	1	1
310038	1	1	1	0	0	0	0	1	0	0	1	1	1	1	1	1	0	1
310039	1	1	1	0	0	0	0	1	0	0	1	1	1	1	1	1	0	1
310040	1	1	1	0	0	0	0	1	0	0	1	1	1	1	1	1	0	1
310041	1	1	1	0	0	0	0	1	0	0	1	1	1	1	1	1	0	1
310042	1	1	1	0	0	0	0	1	0	0	1	1	1	1	1	1	0	1
310043	1	1	1	0	0	0	0	1	0	0	1	1	1	1	1	1	0	1
310044	1	1	1	0	0	0	0	1	0	0	1	1	1	1	1	1	0	1
310045	1	1	1	0	0	0	0	1	0	0	1	1	1	1	1	1	0	1
310046	1	1	1	0	0	0	0	1	0	0	1	1	1	1	1	1	0	1
310047	1	1	1	0	0	0	0	1	0	0	1	1	1	1	1	1	0	1
310048	1	1	1	0	0	0	0	1	0	0	1	1	1	1	1	1	0	1
310049	1	1	1	0	0	0	0	1	0	0	1	1	1	1	1	1	0	1
310050	1	1	1	0	0	0	0	1	0	0	1	1	1	1	1	1	0	1
310051	1	1	1	0	0	0	0	1	0	0	1	1	1	1	1	1	0	1
310052	1	1	1	0	0	0	0	1	0	0	1	1	1	1	1	1	0	1
310053	1	1	1	1	1	1	0	1	0	0	1	1	1	1	1	1	0	1
310054	1	1	1	1	1	1	0	1	0	0	1	1	1	1	1	1	0	1
310055	1	1	1	1	1	1	0	1	0	0	1	1	1	1	1	1	0	1
310056	1	1	1	1	1	1	0	1	0	0	1	1	1	1	1	1	0	1
310057	1	1	1	1	1	1	0	1	0	0	1	1	1	1	1	1	0	1
310058	1	1	1	1	1	1	0	1	0	0	1	1	1	1	1	1	0	1
310059	1	1	1	1	1	1	0	1	0	0	1	1	1	1	1	1	0	1
310060	1	1	1	1	1	1	0	1	0	0	1	1	1	1	1	1	0	1
310061	1	1	1	0	0	0	0	1	0	0	1	1	1	1	1	1	0	1
310062	1	1	1	0	0	0	0	1	0	0	1	1	1	1	1	1	0	1
310063	1	1	1	0	0	0	0	1	0	0	1	1	1	1	1	1	0	1
310064	1	1	1	0	0	0	0	1	0	0	1	1	1	1	1	1	0	1
310065	1	1	1	0	0	0	0	1	0	0	1	1	1	1	1	1	0	1
310950	1	1	1	0	0	0	0	1	0	0	1	1	1	1	1	1	0	1
310951	1	1	1	0	0	0	0	1	0	0	1	1	1	1	1	1	0	1
310952	1	1	1	0	0	0	0	1	0	0	1	1	1	1	1	1	0	1
310953	1	1	1	0	0	0	0	1	0	0	1	1	1	1	1	1	0	1
310954	1	1	1	0	0	0	0	1	0	0	1	1	1	1	1	1	0	1
310955	1	1	1	0	0	0	0	1	0	0	1	1	1	1	1	1	0	1
310956	1	1	1	0	0	0	0	1	0	0	1	1	1	1	1	1	0	1
310957	1	1	1	0	0	0	0	1	0	0	1	1	1	1	1	1	0	1
310958	1	1	1	0	0	0	0	1	0	0	1	1	1	1	1	1	0	1
310959	1	1	1	0	0	0	0	1	0	0	1	1	1	1	1	1	0	1
310960	1	1	1	0	0	0	0	1	0	0	1	1	1	1	1	1	0	1
310961	1	1	1	0	0	0	0	1	0	0	1	1	1	1	1	1	0	1
310962	1	1	1	0	0	0	0	1	0	0	1	1	1	1	1	1	0	1
310963	1	1	1	0	0	0	0	1	0	0	1	1	1	1	1	1	0	1
310964	1	1	1	0	0	0	0	1	0	0	1	1	1	1	1	1	0	1
310965	1	1	1	0	0	0	0	1	0	0	1	1	1	1	1	1	0	1
310966	1	1	1	1	1	1	0	1	0	0	1	1	1	1	1	1	1	1
310967	1	1	1	0	0	0	0	1	0	0	1	1	1	1	1	1	0	1
310968	1	1	1	0	0	0	0	1	0	0	1	1	1	1	1	1	0	1
310969	1	1	1	0	0	0	0	1	0	0	1	1	1	1	1	1	0	1
310970	1	1	1	0	0	0	0	1	0	0	1	1	1	1	1	1	0	1
310971	1	1	1	0	0	0	0	1	0	0	1	1	1	1	1	1	0	1
310972	1	1	1	1	1	0	0	1	0	0	1	1	1	1	1	1	0	1
310973	1	1	1	1	1	1	0	1	0	0	1	1	1	1	1	1	0	1
310974	1	1	1	1	1	1	0	1	0	0	1	1	1	1	1	1	0	1
310975	1	1	1	0	0	0	0	1	0	0	1	1	1	1	1	1	0	1
310976	1	1	1	0	0	0	0	1	0	0	1	1	1	1	1	1	0	1
310977	1	1	1	0	0	0	0	1	0	0	1	1	1	1	1	1	0	1
310978	1	1	1	0	0	0	0	1	0	0	1	1	1	1	1	1	0	1
310979	1	1	1	0	0	0	0	1	0	0	1	1	1	1	1	1	0	1
310980	1	1	1	0	0	0	0	1	0	0	1	1	1	1	1	1	0	1
310981	1	1	1	0	0	0	0	1	0	0	1	1	1	1	1	1	0	1
310982	1	1	1	0	0	0	0	1	0	0	1	1	1	1	1	1	0	1
310983	1	1	1	0	0	0	0	1	0	0	1	1	1	1	1	1	0	1
310984	1	1	1	0	0	0	0	1	0	0	1	1	1	1	1	1	0	1
310985	1	1	1	0	0	0	0	1	0	0	1	1	1	1	1	1	0	1
310986	1	1	1	0	0	0	0	1	0	0	1	1	1	1	1	1	0	1
310987	1	1	1	1	1	1	0	1	0	0	1	1	1	1	1	1	0	1
310988	1	1	1	1	1	1	0	1	0	0	1	1	1	1	1	1	0	1
310989	1	1	1	1	1	1	0	1	0	0	1	1	1	1	1	1	0	1
310990	1	1	1	0	0	0	0	1	0	0	1	1	1	1	1	1	0	1
310991	1	1	1	0	0	0	0	1	0	0	1	1	1	1	1	1	0	1
310992	1	1	1	0	0	0	0	1	0	0	1	1	1	1	1	1	0	1
310993	1	1	1	0	0	0	0	1	0	0	1	1	1	1	1	1	0	1
311881	1	1	1	0	0	0	0	1	0	0	1	1	1	1	1	1	0	1
311882	1	1	1	0	0	0	0	1	0	0	1	1	1	1	1	1	0	1
311883	1	1	1	0	0	0	0	1	0	0	1	1	1	1	1	1	0	1
311884	1	1	1	0	0	0	0	1	0	0	1	1	1	1	1	1	0	1
311885	1	1	1	0	0	0	0	1	0	0	1	1	1	1	1	1	0	1
311886	1	1	1	0	0	0	0	1	0	0	1	1	1	1	1	1	0	1
311887	1	1	1	0	0	0	0	1	0	0	1	1	1	1	1	1	0	1
311888	1	1	1	0	0	0	0	1	0	0	1	1	1	1	1	1	0	1
311889	1	1	1	0	0	0	0	1	0	0	1	1	1	1	1	1	0	1
311890	1	1	1	0	0	0	0	1	0	0	1	1	1	1	1	1	0	1
311891	1	1	1	0	0	0	0	1	0	0	1	1	1	1	1	1	0	1
311892	1	1	1	0	0	0	0	1	0	0	1	1	1	1	1	1	0	1
311893	1	1	1	0	0	0	0	1	0	0	1	1	1	1	1	1	0	1
311894	1	1	1	1	1	1	0	1	0	0	1	1	1	1	1	1	0	1
311895	1	1	1	1	1	1	0	1	0	0	1	1	1	1	1	1	0	1
311896	1	1	1	1	1	1	0	1	0	0	1	1	1	1	1	1	1	1
311897	1	1	1	1	1	1	0	1	0	0	1	1	1	1	1	1	0	1
311898	1	1	1	1	1	1	0	1	0	0	1	1	1	1	1	1	0	1
311899	1	1	1	1	1	1	0	1	0	0	1	1	1	1	1	1	0	1
311900	1	1	1	1	1	0	0	1	0	0	1	1	1	1	1	1	0	1
311901	1	1	1	0	0	0	0	1	0	0	1	1	1	1	1	1	0	1
311902	1	1	1	0	0	0	0	1	0	0	1	1	1	1	1	1	0	1
311903	1	1	1	1	1	1	0	1	0	0	1	1	1	1	1	1	0	1
311904	1	1	1	0	0	0	0	1	0	0	1	1	1	1	1	1	0	1
311905	1	1	1	0	0	0	0	1	0	0	1	1	1	1	1	1	0	1
311906	1	1	1	0	0	0	0	1	0	0	1	1	1	1	1	1	0	1
311907	1	1	1	0	0	0	0	1	0	0	1	1	1	1	1	1	0	1
311908	1	1	1	0	0	0	0	1	0	0	1	1	1	1	1	1	0	1
311909	1	1	1	0	0	0	0	1	0	0	1	1	1	1	1	1	0	1
311910	1	1	1	0	0	0	0	1	0	0	1	1	1	1	1	1	0	1
311911	1	1	1	0	0	0	0	1	0	0	1	1	1	1	1	1	0	1
311912	1	1	1	0	0	0	0	1	0	0	1	1	1	1	1	1	0	1
311913	1	1	1	0	0	0	0	1	0	0	1	1	1	1	1	1	0	1
311914	1	1	1	0	0	0	0	1	0	0	1	1	1	1	1	1	0	1
311915	1	1	1	0	0	0	0	1	0	0	1	1	1	1	1	1	0	1
311916	1	1	1	1	1	1	0	1	0	0	1	1	1	1	1	1	0	1
311917	1	1	1	1	1	1	0	1	0	0	1	1	1	1	1	1	0	1
312812	1	1	1	0	0	0	0	1	0	0	1	1	1	1	1	1	0	1
312813	1	1	1	0	0	0	0	1	0	0	1	1	1	1	1	1	0	1
312814	1	1	1	0	0	0	0	1	0	0	1	1	1	1	1	1	0	1
312815	1	1	1	0	0	0	0	1	0	0	1	1	1	1	1	1	0	1
312816	1	1	1	0	0	0	0	1	0	0	1	1	1	1	1	1	0	1
312817	1	1	1	0	0	0	0	1	0	0	1	1	1	1	1	1	0	1
312818	1	1	1	0	0	0	0	1	0	0	1	1	1	1	1	1	0	1
312819	1	1	1	0	0	0	0	1	0	0	1	1	1	1	1	1	0	1
312820	1	1	1	0	0	0	0	1	0	0	1	1	1	1	1	1	0	1
312821	1	1	1	0	0	0	0	1	0	0	1	1	1	1	1	1	0	1
312822	1	1	1	0	0	0	0	1	0	0	1	1	1	1	1	1	0	1
312823	1	1	1	0	0	0	0	1	0	0	1	1	1	1	1	1	0	1
312824	1	1	1	1	1	1	0	1	0	0	1	1	1	1	1	1	0	1
312825	1	1	1	1	1	0	0	1	0	0	1	1	1	1	1	1	0	1
312826	1	1	1	1	1	1	0	1	0	0	1	1	1	1	1	1	0	1
312827	1	1	1	1	1	0	0	1	0	0	1	1	1	1	1	1	0	1
312828	1	1	1	0	0	0	0	1	0	0	1	1	1	1	1	1	0	1
312829	1	1	1	0	0	0	0	1	0	0	1	1	1	1	1	1	0	1
312830	1	1	1	0	0	0	0	1	0	0	1	1	1	1	1	1	0	1
312831	1	1	1	1	1	1	0	1	0	0	1	1	1	1	1	1	0	1
312832	1	1	1	1	1	1	0	1	0	0	1	1	1	1	1	1	0	1
312833	1	1	1	0	0	0	0	1	0	0	1	1	1	1	1	1	0	1
312834	1	1	1	0	0	0	0	1	0	0	1	1	1	1	1	1	0	1
312835	1	1	1	0	0	0	0	1	0	0	1	1	1	1	1	1	0	1
312836	1	1	1	0	0	0	0	1	0	0	1	1	1	1	1	1	0	1
313745	1	1	1	0	0	0	0	1	0	0	1	1	1	1	1	1	0	1
313746	1	1	1	0	0	0	0	1	0	0	1	1	1	1	1	1	0	1
313747	1	1	1	0	0	0	0	1	0	0	1	1	1	1	1	1	0	1
313748	1	1	1	0	0	0	0	1	0	0	1	1	1	1	1	1	0	1
313749	1	1	1	0	0	0	0	1	0	0	1	1	1	1	1	1	0	1
313750	1	1	1	0	0	0	0	1	0	0	1	1	1	1	1	1	0	1
313751	1	1	1	0	0	0	0	1	0	0	1	1	1	1	1	1	0	1
313752	1	1	1	1	1	1	0	1	0	0	1	1	1	1	1	1	0	1
313753	1	1	1	1	1	1	0	1	0	0	1	1	1	1	1	1	0	1
313754	1	1	1	1	1	1	0	1	0	0	1	1	1	1	1	1	0	1
313755	1	1	1	1	1	1	0	1	0	0	1	1	1	1	1	1	0	1
313758	1	1	1	0	0	0	0	1	0	0	1	1	1	1	1	1	0	1
313759	1	1	1	0	0	0	0	1	0	0	1	1	1	1	1	1	0	1
313760	1	1	1	0	0	0	0	1	0	0	1	1	1	1	1	1	0	1
313761	1	1	1	0	0	0	0	1	0	0	1	1	1	1	1	1	0	1
313762	1	1	1	0	0	0	0	1	0	0	1	1	1	1	1	1	0	1
313763	1	1	1	0	0	0	0	1	0	0	1	1	1	1	1	1	0	1
313764	1	1	1	0	0	0	0	1	0	0	1	1	1	1	1	1	0	1
313765	1	1	1	0	0	0	0	1	0	0	1	1	1	1	1	1	0	1
313766	1	1	1	0	0	0	0	1	0	0	1	1	1	1	1	1	0	1
314677	1	1	1	0	0	0	0	1	0	0	1	1	1	1	1	1	0	1
314678	1	1	1	0	0	0	0	1	0	0	1	1	1	1	1	1	0	1
314679	1	1	1	1	1	1	0	1	0	0	1	1	1	1	1	1	0	1
314680	1	1	1	1	1	1	0	1	0	0	1	1	1	1	1	1	0	1
314681	1	1	1	1	1	1	0	1	0	0	1	1	1	1	1	1	0	1
314688	1	1	1	0	0	0	0	1	0	0	1	1	1	1	1	1	0	1
314689	1	1	1	0	0	0	0	1	0	0	1	1	1	1	1	1	0	1
314690	1	1	1	0	0	0	0	1	0	0	1	1	1	1	1	1	0	1
314691	1	1	1	0	0	0	0	1	0	0	1	1	1	1	1	1	0	1
314692	1	1	1	0	0	0	0	1	0	0	1	1	1	1	1	1	0	1
314693	1	1	1	0	0	0	0	1	0	0	1	1	1	1	1	1	0	1
314694	1	1	1	0	0	0	0	1	0	0	1	1	1	1	1	1	0	1
315608	1	1	1	0	0	0	0	1	0	0	1	1	1	1	1	1	0	1
315621	1	1	1	0	0	0	0	1	0	0	1	1	1	1	1	1	0	1
315622	1	1	1	0	0	0	0	1	0	0	1	1	1	1	1	1	0	1
